2023-04-23 18:43:17.571222
15024
15041
15058
15074
15091
15108
15124
15141
15157
15174
15190
15206
15223
15240
15257
15274
15291
15308
15325
15341
15358
15374
15390
15406
15422
15438
15454
15470
15487
15504
15521
15537
15554
15570
15586
15603
15619
15635
15652
15668
15685
15702
15719
15736
15752
15769
15786
15802
15818
15834
15851
15867
15884
15900
15916
15933
15950
15967
15983
16000
16016
16032
16049
16066
16083
16100
16116
16132
16149
16166
16182
16198
16214
16230
16247
16263
16279
16295
16312
16328
16344
16361
16378
16395
16411
16428
16444
16460
16476
16493
16509
16525
16541
16557
16574
16591
16607
16624
16641
16658
16674
16690
16706
16723
16740
16757
16774
16790
16807
16823
16840
16856
16873
16890
16906
16923
16940
16956
16973
16990
17007
17024
17041
17057
17074
17090
17106
17123
17140
17157
17174
17191
17208
17224
17241
17257
17274
17291
17308
17324
17341
17358
17375
17392
17409
17426
17442
17459
17476
17492
17509
17526
17542
17559
17575
17591
17608
17624
17641
17658
17674
17690
17706
17723
17740
17756
17772
17788
17805
17821
17837
17853
17869
17885
17902
17919
17935
17952
17969
17986
18003
18020
18036
18052
18069
18085
18102
18118
18134
18150
18167
18184
18201
18217
18233
18249
18265
18281
18297
18314
18331
18348
18365
18382
18399
18415
18432
18449
18465
18481
18498
18515
18531
18547
18564
18581
18597
18614
18631
18648
18665
18682
18699
18716
18732
18749
18766
18782
18798
18815
18832
18848
18865
18882
18898
18915
18932
18948
18965
18981
18998
19014
19030
19047
19063
19080
19096
19113
19129
19145
19161
19178
19194
19211
19227
19244
19260
19276
19293
19310
19326
19342
19358
19375
19391
19407
19423
19439
19456
19473
19489
19506
19522
19539
19556
19572
19588
19604
19621
19638
19654
19671
19687
19703
19720
19737
19754
19771
19788
19805
19821
19837
19853
19870
19886
19903
19920
19937
19953
19970
19986
20003
20020
