2023-04-23 18:43:27.596332
25046
25062
25078
25094
25110
25126
25143
25160
25177
25193
25210
25226
25243
25260
25277
25295
25312
25329
25345
25361
25378
25395
25412
25428
25444
25461
25478
25494
25510
25526
25543
25560
25577
25594
25610
25627
25644
25661
25678
25694
25711
25727
25744
25761
25778
25795
25812
25828
25844
25860
25876
25893
25910
25927
25943
25959
25975
25991
26007
26023
26040
26057
26073
26089
26106
26123
26140
26157
26173
26189
26206
26223
26240
26256
26273
26290
26307
26324
26340
26356
26373
26390
26407
26423
26440
26456
26473
26490
26506
26523
26540
26556
26573
26590
26607
26623
26639
26655
26671
26687
26704
26721
26738
26754
26771
26787
26803
26819
26835
26852
26869
26886
26902
26918
26934
26951
26968
26984
27001
27017
27034
27050
27067
27084
27101
27117
27134
27151
27167
27183
27200
27216
27232
27249
27265
27281
27297
27313
27330
27347
27363
27379
27395
27411
27428
27445
27461
27478
27495
27511
27527
27544
27560
27577
27594
27611
27628
27644
27660
27677
27694
27711
27728
27745
27762
27779
27795
27811
27828
27844
27860
27877
27893
27909
27926
27942
27958
27974
27990
28006
28023
28039
28056
28072
28089
28105
28122
28139
28155
28172
28188
28205
28221
28237
28254
28271
28288
28304
28321
28337
28354
28370
28386
28403
28419
28436
28452
28468
28484
28500
28517
28534
28551
28568
28585
28601
28618
28635
28651
28667
28683
28699
28716
28732
28749
28766
28783
28799
28815
28832
28849
28866
28882
28899
28915
28932
28949
28965
28982
28998
29015
29032
29049
29065
29081
29098
29115
29131
29148
29164
29180
29196
29212
29228
29245
29261
29277
29293
29309
29326
29342
29358
29375
29392
29409
29426
29442
29459
29476
29493
29510
29527
29544
29560
29578
29594
29611
29628
29644
29660
29677
29694
29711
29728
29745
29762
29778
29795
29812
29829
29846
29863
29880
29896
29912
29929
29946
29962
29979
29995
30011
30027
30043
