115185
115229
115245
115261
115278
115294
115311
115328
115345
115361
115378
115394
115410
115426
115442
115458
115474
115491
115508
115525
115542
115558
115574
115590
115606
115623
115639
115655
115672
115689
115706
115722
115738
115755
115772
115789
115805
115821
115838
115854
115870
115886
115903
115919
115935
115952
115969
115986
116002
116018
116034
116050
116066
116083
116100
116117
116134
116150
116166
116182
116198
116215
116231
116247
116264
116281
116298
116315
116332
116349
116366
116383
116400
116417
116434
116450
116467
116484
116500
116517
116534
116550
116566
116582
116598
116614
116630
116646
116662
116678
116695
116712
116728
116744
116761
116778
116795
116811
116827
116844
116860
116877
116893
116910
116926
116943
116960
116977
116993
117009
117025
117041
117058
117074
117090
117107
117124
117140
117156
117173
117190
117206
117222
117239
117256
117273
117290
117307
117323
117339
117356
117372
117388
117404
117420
117437
117453
117469
117485
117501
117518
117535
117552
117569
117585
117601
117618
117634
117650
117666
117682
117699
117715
117731
117747
117764
117781
117797
117814
117831
117848
117864
117881
117898
117915
117931
117948
117964
117981
117997
118014
118030
118047
118064
118080
118097
118113
118129
118145
118161
118178
118194
118210
118227
118244
118261
118277
118293
118310
118327
118344
118360
118376
118393
118409
118426
118442
118459
118475
118491
118508
118524
118540
118557
118573
118589
118605
118621
118638
118655
118671
118687
118703
118719
118736
118752
118768
118784
118801
118818
118835
118852
118868
118884
118900
118917
118933
118949
118965
118981
118997
119013
119029
119045
119061
119077
119093
119110
119127
119143
119159
119175
119191
119208
119225
119241
119257
119273
119289
119306
119323
119339
119356
119373
119390
119406
119422
119438
119454
119471
119488
119505
119522
119539
119556
119572
119588
119604
119620
119636
119653
119669
119685
119701
119717
119733
119750
119766
119783
119800
119817
119834
119850
119867
119884
119901
119917
119933
119949
119965
119981
119997
120013
120030
120047
120064
120081
120098
120115
120131
120148
120164
120180
