85078
85094
85110
85127
85143
85159
85176
85192
85209
85226
85242
85259
85276
85292
85308
85324
85340
85356
85372
85389
85406
85422
85438
85454
85470
85486
85502
85519
85535
85552
85569
85586
85602
85619
85635
85651
85668
85685
85702
85718
85734
85751
85768
85785
85802
85819
85836
85853
85870
85886
85902
85918
85935
85952
85969
85985
86002
86018
86034
86051
86068
86085
86102
86120
86136
86152
86169
86185
86202
86218
86234
86251
86268
86284
86300
86317
86335
86352
86368
86385
86401
86418
86435
86452
86468
86485
86501
86518
86535
86552
86568
86585
86601
86618
86635
86651
86667
86683
86700
86716
86733
86749
