2023-04-23 17:00:50.144634
30045
30062
30078
30095
30112
30129
30146
30163
30180
30197
30213
30230
30247
30264
30281
30297
30313
30330
30347
30363
30379
30396
30413
30430
30447
30464
30480
30496
30513
30530
30546
30562
30578
30594
30610
30627
30644
30660
30676
30692
30708
30724
30740
30756
30773
30789
30805
30822
30840
30856
30872
30889
30906
30922
30938
30955
30972
30988
31005
31021
31037
31053
31070
31087
31103
31119
31136
31153
31170
31187
31204
31221
31238
31254
31270
31288
31304
31321
31337
31353
31370
31386
31403
31420
31436
31452
31468
31485
31501
31518
31535
31552
31568
31585
31602
31618
31634
31651
31667
31683
31700
31716
31732
31748
31764
31780
31797
31813
31831
31847
31863
31880
31896
31912
31928
31945
31961
31977
31994
32010
32027
32044
32060
32076
32093
32110
32127
32144
32161
32178
32195
32211
32227
32244
32261
32277
32293
32309
32325
32341
32357
32374
32390
32407
32423
32440
32456
32472
32489
32506
32523
32540
32556
32572
32588
32605
32621
32638
32654
32670
32686
32702
32719
32736
32752
32769
32785
32801
32818
32835
32852
32868
32884
32901
32918
32935
32952
32968
32985
33001
33018
33035
33052
33069
33086
33103
33119
33135
33151
33167
33184
33201
33217
33233
33250
33266
33282
33298
33315
33331
33348
33364
33380
33396
33412
33428
33444
33460
33476
33492
33508
33524
33540
33556
33572
33589
33606
33623
33639
33656
33672
33688
33705
33721
33737
33753
33769
33785
33802
33819
33836
33852
33869
33885
33902
33918
33934
33950
33966
33982
33998
34014
34030
34046
34063
34079
34096
34112
34128
34145
34161
34177
34194
34211
34228
34245
34261
34277
34293
34309
34325
34341
34358
34374
34390
34407
34423
34439
34456
34472
34489
34506
34523
34539
34556
34573
34589
34605
34622
34638
34655
34671
34688
34705
34722
34738
34754
34771
34788
34805
34821
34837
34853
34869
34886
34902
34918
34935
34952
34969
34985
35002
35019
35036
