65125
65141
65158
65174
65190
65207
65224
65240
65257
65273
65290
65307
65323
65340
65357
65373
65389
65405
65421
65438
65455
65472
65488
65505
65521
65537
65553
65569
65585
65601
65617
65633
65649
65665
65681
65697
65716
65732
65748
65765
65781
65797
65814
65831
65847
65864
65881
65897
65914
65931
65947
65964
65980
65997
66013
66030
66046
66063
66079
66096
66113
66129
66146
66162
66178
66195
66211
66227
66243
66259
66275
66291
66308
66324
66340
66356
66372
66389
66406
66423
66440
66457
66474
66491
66507
66523
66540
66556
66573
66589
66605
66622
66639
66656
66673
66689
66706
66723
66740
66757
66773
66790
66806
66823
66839
66856
66872
66888
66904
66920
66936
66953
66970
66987
67004
67020
67036
67053
67070
67086
67103
67120
67137
67154
67171
67188
67205
67221
67237
67254
67270
67286
67303
67319
67336
67353
67370
67386
67403
67420
67436
67452
67468
67484
67501
67517
67534
67550
67566
67583
67600
67616
67632
67648
67664
67681
67698
67714
67730
67747
67763
67779
67795
67811
67828
67845
67862
67879
67895
67911
67928
67944
67960
67976
67993
68009
68025
68041
68057
68073
68090
68106
68123
68140
68157
68174
68190
68207
68224
68240
68256
68272
68288
68304
68321
68337
68353
68370
68387
68404
68421
68438
68454
68470
68487
68503
68519
68536
68553
68569
68586
68602
68618
68634
68650
68667
68684
68701
68717
68733
68750
68766
68782
68798
68814
68830
68846
68863
68879
68896
68912
68928
68944
68961
68977
68994
69010
69026
69042
69058
69074
69091
69107
69123
69140
69157
69174
69190
69207
69224
69241
69258
69275
69292
69309
69326
69343
69360
69377
69394
69411
69428
69445
69462
69479
69496
69513
69530
69547
69564
69581
69598
69615
69632
69649
69666
69683
69700
69717
69734
69751
69767
69784
69801
69818
69835
69851
69867
69884
69900
69916
69933
69949
69966
69982
69999
70016
70032
70049
70065
70081
70098
70115
65117
65134
65151
65167
65183
65199
65216
65232
65248
65264
65281
65298
65315
65331
65348
65364
65381
65397
65414
65431
65448
65465
65482
65498
65515
65532
65549
65566
65582
65598
65615
65631
65647
65664
65680
65697
65714
65731
65747
65764
65780
65797
65814
65830
65846
65862
65879
65895
65912
65928
65944
65961
65977
65993
66010
66027
66044
66061
66078
66095
66112
66128
66145
66162
66178
66194
66211
66228
66245
66262
66278
66294
66312
66328
66345
66362
66379
66395
66411
66427
66444
66460
66477
66494
66510
66527
66544
66561
66577
66594
66611
66628
66644
66660
66677
66693
66710
66727
66744
66760
66776
66792
66808
66825
66841
66857
66874
66891
66908
66925
66941
66958
66975
66991
67008
67024
67040
67057
67074
67090
67107
67123
67140
67156
67173
67189
67206
67223
67240
67256
67272
67288
67304
67320
67336
67352
67368
67384
67400
67417
67434
67450
67466
67483
67500
67516
67533
67549
67565
67582
67599
67615
67632
67649
67665
67682
67698
67715
67731
67747
67763
67779
67796
67812
67829
67845
67862
67878
67895
67912
67928
67944
67960
67977
67993
68009
68025
68041
68058
68074
68090
68106
68122
68139
68156
68173
68189
68205
68222
68238
68255
68271
68287
68303
68320
68336
68352
68368
68384
68401
68417
68434
68450
68466
68482
68498
68514
68531
68547
68563
68579
68596
68612
68628
68644
68661
68678
68694
68710
68727
68743
68759
68776
68792
68809
68826
68843
68859
68875
68891
68908
68926
68942
68959
68975
68991
69007
69023
69040
69057
69074
69091
69108
69124
69140
69157
69174
69191
69207
69223
69239
69256
69273
69289
69305
69322
69339
69355
69371
69388
69406
69423
69440
69456
69472
69488
69504
69520
69537
69554
69570
69586
69602
69618
69634
69650
69666
69682
69698
69715
69734
69750
69766
69782
69798
69814
69831
69848
69865
69881
69897
69914
69930
69947
69964
69981
69998
70015
70032
70049
70066
70082
70098
70115
65052
65069
65085
65101
65117
65134
65151
65167
65184
65200
65217
65233
65249
65266
65282
65299
65316
65333
65350
65367
65384
65400
65417
65434
65450
65466
65483
65499
65515
65532
65548
65565
65582
65599
65615
65632
65649
65665
65682
65699
65715
65732
65749
65766
65783
65799
65815
65831
65847
65863
65879
65896
65913
65930
65946
65962
65978
65994
66011
66027
66043
66060
66077
66094
66111
66127
66144
66160
66177
66194
66210
66227
66244
66260
66277
66293
66309
66325
66341
66357
66373
66390
66407
66424
66441
66458
66474
66491
66507
66524
66541
66558
66575
66591
66608
66625
66641
66658
66675
66693
66710
66727
66743
66759
66775
66792
66809
66826
66843
66859
66875
66892
66908
66924
66941
66957
66973
66990
67006
67023
67039
67055
67071
67087
67103
67119
67135
67152
67169
67185
67202
67219
67235
67252
67269
67285
67302
67319
67335
67352
67369
67386
67403
67420
67437
67454
67471
67487
67503
67519
67535
67552
67569
67585
67602
67618
67634
67650
67666
67683
67699
67716
67733
67750
67766
67783
67800
67816
67833
67850
67866
67882
67898
67914
67930
67946
67963
67980
67996
68013
68029
68045
68061
68077
68093
68109
68126
68142
68158
68175
68191
68208
68225
68241
68258
68274
68291
68308
68324
68341
68358
68375
68391
68408
68425
68441
68458
68474
68491
68508
68524
68540
68557
68574
68591
68607
68624
68641
68658
68674
68690
68707
68724
68741
68758
68775
68792
68809
68825
68842
68858
68874
68891
68908
68924
68940
68957
68973
68990
69007
69023
69040
69057
69073
69090
69107
69123
69140
69156
69173
69189
69206
69223
69239
69255
69271
69288
69304
69320
69337
69353
69369
69385
69401
69417
69433
69450
69467
69483
69500
69516
69532
69549
69566
69583
69600
69617
69634
69651
69667
69684
69701
69718
69735
69751
69767
69783
69799
69815
69831
69847
69863
69879
69895
69911
69927
69944
69961
69977
69993
70009
70025
70041
65097
65200
65216
65232
65249
65265
65282
65299
65315
65332
65349
65366
65383
65400
65416
65432
65448
65464
65481
65497
65514
65531
65548
65564
65580
65596
65613
65630
65646
65662
65678
65694
65711
65728
65745
65762
65778
65795
65811
65828
65845
65862
65878
65894
65910
65926
65942
65958
65974
65991
66007
66023
66040
66057
66074
66090
66106
66123
66140
66156
66173
66190
66207
66224
66241
66257
66273
66290
66307
66324
66341
66358
66374
66391
66407
66423
66440
66457
66473
66489
66506
66523
66539
66556
66572
66589
66605
66621
66638
66655
66672
66688
66705
66722
66738
66755
66772
66789
66805
66822
66838
66855
66871
66887
66904
66921
66937
66953
66970
66987
67003
67020
67037
67053
67070
67087
67104
67121
67137
67154
67171
67188
67204
67220
67236
67253
67270
67287
67303
67319
67335
67352
67368
67384
67400
67416
67432
67448
67464
67480
67497
67513
67529
67546
67563
67580
67597
67613
67629
67646
67662
67679
67696
67713
67730
67747
67764
67781
67798
67815
67831
67847
67863
67880
67896
67912
67928
67944
67960
67976
67993
68010
68026
68042
68058
68075
68092
68109
68126
68143
68159
68176
68193
68210
