2023-04-23 18:43:37.628057
35072
35088
35104
35121
35138
35154
35170
35186
35202
35219
35235
35252
35269
35285
35302
35318
35334
35351
35367
35383
35400
35417
35434
35451
35467
35484
35501
35518
35535
35552
35568
35584
35601
35617
35634
35651
35668
35684
35701
35718
35735
35751
35768
35785
35802
35819
35836
35853
35870
35886
35903
35919
35936
35952
35968
35984
36001
36018
36035
36052
36069
36086
36103
36119
36136
36152
36168
36184
36201
36218
36235
36251
36268
36284
36300
36316
36332
36349
36365
36382
36398
36414
36431
36448
36465
36482
36499
36515
36531
36548
36565
36582
36598
36615
36631
36647
36664
36680
36696
36713
36731
36748
36764
36782
36798
36815
36832
36849
36865
36882
36899
36916
36933
36949
36966
36983
37000
37017
37033
37049
37065
37081
37098
37114
37131
37148
37164
37180
37196
37212
37229
37246
37263
37279
37296
37313
37329
37346
37362
37378
37395
37412
37429
37445
37462
37479
37495
37512
37528
37545
37562
37579
37595
37612
37629
37646
37662
37678
37694
37710
37727
37743
37759
37776
37792
37809
37826
37842
37859
37875
37891
37908
37924
37942
37958
37974
37990
38007
38024
38040
38056
38073
38089
38106
38122
38139
38156
38173
38190
38208
38224
38241
38258
38275
38292
38309
38326
38342
38358
38375
38392
38408
38424
38441
38457
38473
38490
38506
38522
38539
38556
38572
38588
38605
38622
38639
38656
38673
38689
38706
38723
38740
38756
38772
38788
38805
38821
38838
38854
38870
38886
38903
38920
38937
38954
38971
38987
39003
39020
39037
39054
39070
39087
39104
39121
39138
39154
39170
39187
39203
39219
39236
39252
39269
39285
39302
39318
39335
39353
39370
39387
39404
39421
39438
39456
39472
39488
39504
39521
39537
39554
39570
39586
39602
39619
39636
39653
39669
39686
39703
39720
39737
39753
39770
39786
39803
39819
39836
39853
39870
39886
39903
39920
39936
39953
39970
39987
40004
40020
40037
40053
40069
