9998
0
17
33
49
66
82
99
116
133
150
166
182
199
216
232
248
265
282
299
315
331
348
365
382
398
415
432
449
465
482
498
514
530
546
563
579
595
611
627
643
659
676
693
710
726
742
759
775
791
807
823
839
855
871
887
903
919
935
952
969
986
1002
1018
1035
1052
1069
1086
1102
1118
1135
1152
1169
1186
1202
1218
1235
1252
1268
1284
1301
1317
1334
1351
1367
1383
1399
1416
1432
1449
1465
1481
1497
1513
1529
1546
1563
1579
1596
1612
1628
1645
1661
1677
1694
1710
1726
1742
1759
1776
1792
1809
1825
1841
1858
1874
1890
1906
1922
1939
1955
1972
1989
2006
2022
2039
2055
2072
2089
2106
2123
2139
2156
2172
2189
2205
2222
2238
2255
2272
2289
2305
2322
2339
2356
2372
2388
2405
2422
2439
2456
2473
2489
2505
2521
2537
2553
2569
2586
2603
2620
2636
2653
2670
2686
2702
2719
2735
2752
2769
2785
2802
2819
2836
2853
2869
2886
2902
2919
2935
2951
2968
2985
3001
3018
3034
3051
3068
3085
3102
3119
3136
3152
3169
3185
3202
3218
3234
3250
3267
3283
3299
3315
3332
3348
3365
3381
3397
3413
3429
3445
3462
3479
3496
3513
3530
3547
3564
3581
3598
3615
3632
3649
3666
3682
3699
3716
3732
3749
3766
3782
3799
3816
3833
3850
3867
3884
3901
3918
3934
3951
3968
3984
4000
4016
4033
4049
4065
4081
4097
4113
4129
4145
4161
4177
4194
4210
4227
4243
4259
4275
4292
4308
4324
4340
4357
4374
4391
4407
4423
4439
4456
4472
4488
4505
4522
4538
4555
4571
4587
4603
4620
4636
4652
4669
4685
4702
4719
4736
4753
4770
4787
4804
4821
4838
4855
4872
4889
4906
4923
4939
4956
4973
4990
5007
5024
5041
5057
5074
5091
5108
5125
5142
5159
5176
5193
5210
5227
5244
5261
5278
5294
5311
5328
5345
5362
5379
5396
5413
5430
5447
5464
5481
5498
5515
5532
5549
5566
5583
5599
5615
5631
5647
5663
5679
5695
5711
5727
5743
5760
5777
5793
5810
5826
5842
5858
5875
5891
5907
5923
5940
5956
5973
5990
6006
6022
6038
6055
6071
6088
6105
6121
6138
6154
6171
6188
6205
6222
6239
6256
6272
6289
6305
6322
6339
6356
6372
6388
6405
6421
6438
6455
6471
6488
6504
6521
6538
6555
6572
6588
6604
6621
6637
6653
6669
6685
6701
6717
6733
6749
6765
6781
6798
6814
6830
6846
6863
6879
6895
6911
6927
6943
6959
6975
6991
7007
7023
7041
7059
7077
7093
7109
7126
7142
7159
7176
7193
7210
7226
7243
7260
7277
7294
7311
7328
7344
7361
7378
7395
7411
7428
7445
7462
7479
7496
7513
7529
7545
7561
7577
7594
7611
7627
7644
7661
7678
7694
7710
7727
7743
7760
7777
7793
7809
7826
7843
7859
7876
7893
7909
7925
7942
7959
7976
7993
8009
8025
8042
8058
8074
8091
8108
8125
8142
8159
8175
8192
8209
8225
8241
8258
8274
8290
8307
8323
8340
8356
8372
8389
8406
8423
8439
8456
8472
8488
8505
8521
8538
8554
8571
8588
8604
8621
8637
8653
8669
8685
8701
8718
8735
8752
8769
8785
8802
8818
8835
8852
8868
8884
8900
8917
8933
8949
8965
8982
8999
9015
9031
9047
9064
9081
9097
9113
9130
9146
9162
9178
9194
9210
9226
9243
9260
9276
9293
9310
9327
9344
9361
9378
9394
9411
9428
9445
9462
9479
9496
9513
9530
9547
9563
9580
9596
9613
9629
9645
9662
9679
9696
9712
9728
9745
9762
9779
9795
9811
9827
9844
9861
9878
9895
9912
9928
9944
9961
9978
9995
2023-04-23 17:00:25.102849
5003
5019
5035
5052
5069
5086
5103
5120
5137
5153
5170
5187
5203
5219
5236
5253
5270
5287
5303
5320
5337
5353
5370
5387
5403
5419
5436
5452
5469
5486
5503
5520
5536
5552
5568
5584
5600
5617
5634
5651
5667
5684
5700
5717
5734
5751
5768
5785
5801
5818
5835
5853
5870
5886
5903
5920
5936
5953
5970
5986
6002
6018
6035
6052
6068
6086
6103
6119
6136
6153
6169
6185
6201
6217
6233
6250
6267
6283
6299
6315
6331
6348
6364
6381
6397
6413
6430
6448
6465
6482
6498
6515
6531
6547
6563
6579
6596
6612
6628
6644
6661
6678
6694
6710
6727
6743
6759
6776
6792
6808
6825
6842
6858
6874
6891
6907
6923
6939
6956
6973
6989
7006
7023
7039
7055
7072
7089
7106
7122
7139
7156
7173
7190
7207
7223
7240
7257
7274
7291
7307
7323
7340
7357
7374
7391
7407
7424
7440
7457
7473
7490
7507
7523
7540
7557
7574
7590
7606
7622
7639
7655
7671
7688
7705
7722
7738
7754
7771
7787
7804
7821
7838
7855
7872
7888
7905
7921
7937
7954
7971
7987
8004
8021
8037
8053
8069
8085
8102
8119
8135
8152
8168
8185
8202
8218
8234
8251
8268
8285
8302
8319
8336
8352
8368
8385
8401
8418
8434
8450
8466
8482
8499
8515
8531
8547
8563
8580
8597
8614
8631
8647
8663
8680
8696
8712
8729
8746
8763
8780
8796
8812
8828
8844
8860
8876
8892
8908
8925
8942
8959
8975
8991
9008
9024
9041
9057
9073
9090
9106
9122
9139
9156
9173
9189
9206
9223
9240
9256
9272
9289
9306
9322
9339
9356
9372
9388
9405
9421
9437
9454
9471
9488
9504
9521
9538
9554
9571
9588
9604
9620
9637
9654
9671
9688
9705
9721
9737
9754
9771
9788
9804
9821
9838
9856
9872
9889
9905
9921
9938
9955
9971
9988
