70104
70144
70160
70176
70192
70208
70224
70241
70258
70274
70290
70306
70322
70339
70355
70371
70387
70403
70419
70435
70452
70469
70485
70501
70517
70533
70549
70565
70582
70599
70615
70631
70648
70664
70681
70698
70715
70731
70747
70764
70780
70797
70813
70830
70847
70864
70880
70896
70913
70930
70946
70964
70981
70997
71014
71030
71046
71063
71079
71095
71112
71129
71146
71163
71180
71196
71212
71229
71245
71261
71277
71294
71311
71327
71344
71361
71378
71395
71412
71429
71446
71463
71480
71496
71512
71529
71546
71563
71580
71596
71613
71630
71646
71662
71679
71696
71713
71730
71747
71764
71781
71798
71815
71831
71847
71863
71880
71897
71914
71930
71946
71962
71979
71996
72012
72028
72045
72062
72079
72096
72112
72128
72145
72161
72177
72193
72209
72225
72241
72258
72275
72292
72309
72325
72341
72357
72373
72389
72405
72422
72438
72455
72472
72488
72504
72520
72536
72553
72569
72586
72603
72619
72635
72652
72668
72684
72701
72717
72733
72749
72765
72781
72797
72814
72830
72846
72862
72878
72894
72910
72927
72944
72960
72977
72993
73009
73026
73042
73058
73075
73092
73108
73124
73140
73157
73173
73190
73207
73224
73241
73257
73274
73291
73308
73325
73342
73359
73375
73392
73408
73424
73441
73457
73473
73489
73506
73522
73538
73555
73571
73588
73604
73620
73637
73653
73669
73686
73703
73719
73736
73753
73769
73785
73802
73819
73835
73851
73867
73883
73899
73916
73932
73949
73966
73982
73999
74016
74033
74050
74067
74083
74099
74116
74133
74150
74166
74182
74199
74215
74232
74248
74264
74281
74298
74315
74331
74348
74364
74381
74397
74413
74430
74447
74464
74481
74498
74515
74532
74548
74564
74581
74597
74613
74629
74646
74663
74679
74695
74712
74729
74745
74761
74778
74794
74810
74826
74842
74858
74874
74890
74907
74923
74940
74957
74973
74990
75007
75024
75041
75058
75074
75090
