125210
125249
125265
125281
125298
125314
125330
125347
125363
125379
125396
125413
125430
125446
125463
125479
125496
125512
125529
125546
125562
125578
125595
125612
125628
125645
125661
125677
125694
125711
125728
125744
125761
125778
125794
125811
125827
125843
125859
125875
125891
125908
125925
125942
125958
125975
125991
126007
126023
126040
126057
126074
126090
126106
126122
126138
126154
126171
126187
126203
126219
126236
126253
126270
126287
126304
126321
126337
126354
126371
126387
126403
126419
126435
126452
126469
126486
126502
126519
126535
126552
126568
126585
126601
126617
126633
126650
126667
126684
126700
126717
126734
126750
126767
126784
126801
126817
126833
126850
126867
126884
126900
126916
126933
126949
126966
126982
126998
127015
127032
127048
127065
127082
127099
127116
127132
127149
127165
127182
127198
127214
