2023-04-23 18:42:53.223993
15491
15507
15524
15540
15557
15573
15590
15607
15624
15641
15658
15675
15691
15708
15725
15741
15758
15774
15791
15808
15825
15842
15859
15876
15892
15909
15925
15941
15958
15974
15991
16008
16024
16041
16057
16074
16090
16106
16123
16140
16156
16172
16189
16206
16222
16239
16255
16272
16289
16306
16322
16339
16356
16373
16390
16407
16424
16441
16457
16474
16491
16508
16524
16540
16557
16574
16591
16607
16623
16639
16655
16672
16689
16706
16723
16740
16756
16773
16790
16806
16823
16840
16857
16874
16890
16907
16924
16941
16958
16975
16991
17007
17024
17041
17057
17074
17091
17108
17124
17141
17158
17175
17191
17208
17224
17240
17257
17273
17289
17306
17322
17339
17356
17373
17389
17405
17421
17438
17454
17471
17487
17503
17520
17536
17553
17569
17585
17601
17617
17633
17650
17667
17683
17699
17715
17731
17748
17765
17782
17799
17816
17833
17850
17867
17883
17900
17917
17934
17951
17967
17984
18000
18016
18032
18048
18065
18081
18097
18113
18130
18147
18163
18180
18197
18213
18230
18246
18263
18279
18296
18313
18330
18346
18362
18379
18396
18412
18428
18444
18461
18477
18493
18509
18525
18542
18558
18574
18591
18608
18625
18642
18658
18674
18691
18707
18723
18739
18755
18772
18789
18806
18822
18839
18856
18872
18888
18904
18920
18937
18954
18971
18988
19004
19021
19038
19054
19071
19087
19103
19120
19136
19153
19169
19186
19602
19619
19635
19652
19668
19685
19701
19718
19735
19751
19768
19785
19801
19818
19835
19852
19868
19884
19901
19918
19935
19952
19969
19986
20002
20019
20036
20052
20068
20085
20102
20119
20135
20152
20168
20185
20202
20218
20235
20252
20269
20285
20302
20319
20336
20352
20369
20386
20402
20418
20434
20450
20466
20482
