2023-04-23 17:00:45.136498
25031
25048
25064
25081
25097
25114
25130
25146
25162
25179
25195
25211
25227
25244
25261
25277
25293
25310
25327
25343
25359
25375
25391
25408
25425
25441
25457
25473
25489
25506
25522
25538
25554
25570
25586
25602
25619
25635
25652
25669
25686
25703
25720
25736
25752
25768
25784
25800
25817
25833
25850
25866
25882
25898
25914
25930
25946
25963
25979
25995
26011
26027
26043
26059
26075
26091
26107
26123
26139
26156
26173
26190
26207
26223
26240
26256
26273
26290
26306
26323
26340
26356
26372
26388
26404
26420
26436
26453
26470
26487
26503
26519
26535
26552
26568
26585
26601
26617
26634
26650
26667
26683
26700
26717
26733
26750
26767
26784
26800
26817
26833
26849
26866
26883
26900
26917
26933
26950
26967
26983
27000
27017
27034
27051
27067
27083
27099
27115
27132
27149
27165
27182
27199
27216
27233
27249
27266
27282
27299
27315
27332
27349
27365
27382
27399
27416
27433
27449
27466
27482
27498
27515
27532
27548
27565
27582
27599
27616
27632
27649
27666
27682
27699
27715
27731
27747
27764
27781
27797
27813
27829
27845
27862
27879
27896
27912
27929
27945
27961
27978
27995
28011
28028
28044
28060
28076
28092
28109
28126
28142
28159
28175
28191
28208
28224
28241
28258
28275
28291
28308
28325
28341
28357
28373
28389
28406
28422
28439
28456
28473
28489
28505
28522
28539
28556
28572
28589
28606
28623
28640
28656
28673
28689
28706
28722
28739
28755
28772
28789
28806
28823
28840
28857
28874
28890
28907
28923
28939
28955
28972
28989
29005
29022
29038
29055
29071
29088
29105
29121
29138
29155
29171
29187
29204
29221
29237
29254
29271
29287
29303
29320
29337
29354
29371
29387
29404
29420
29437
29454
29470
29486
29503
29520
29537
29553
29569
29585
29601
29618
29634
29651
29667
29683
29699
29716
29733
29750
29768
29784
29800
29816
29833
29849
29865
29881
29897
29914
29931
29947
29964
29980
29996
30012
30029
