2023-04-23 18:43:12.563168
10013
10030
10046
10062
10078
10095
10111
10127
10144
10161
10178
10195
10211
10227
10243
10259
10276
10293
10309
10325
10341
10358
10374
10390
10406
10422
10439
10455
10472
10488
10505
10521
10537
10554
10571
10588
10604
10620
10636
10653
10669
10686
10703
10719
10735
10752
10769
10785
10801
10818
10835
10851
10867
10883
10900
10917
10934
10950
10967
10984
11002
11019
11036
11052
11069
11086
11102
11118
11134
11151
11167
11184
11201
11218
11234
11251
11267
11283
11299
11315
11332
11349
11366
11383
11400
11417
11433
11449
11466
11482
11498
11515
11531
11547
11563
11580
11597
11613
11629
11645
11661
11677
11693
11709
11725
11741
11758
11774
11790
11806
11823
11840
11856
11872
11888
11904
11920
11936
11952
11968
11984
12001
12017
12033
12049
12065
12082
12099
12115
12132
12149
12165
12182
12199
12215
12231
12247
12264
12281
12298
12315
12331
12348
12365
12381
12398
12414
12430
12446
12464
12481
12498
12515
12532
12549
12566
12583
12600
12617
12634
12651
12668
12685
12702
12719
12735
12752
12769
12786
12803
12819
12835
12852
12868
12885
12901
12917
12933
12951
12968
12985
13002
13018
13034
13050
13066
13083
13099
13116
13132
13148
13164
13180
13196
13212
13228
13244
13260
13277
13293
13310
13327
13344
13360
13376
13392
13409
13426
13443
13459
13475
13492
13508
13524
13541
13558
13575
13591
13607
13623
13639
13656
13673
13690
13706
13722
13738
13754
13770
13787
13803
13819
13835
13851
13867
13884
13901
13917
13934
13950
13968
13985
14002
14018
14034
14051
14067
14083
14099
14116
14133
14149
14166
14183
14199
14216
14232
14249
14266
14283
14300
14316
14332
14348
14365
14382
14398
14414
14431
14447
14464
14480
14497
14514
14530
14546
14563
14579
14596
14612
14629
14645
14662
14678
14694
14710
14727
14743
14759
14775
14792
14808
14826
14843
14859
14875
14892
14908
14924
14941
14958
14975
14991
15008
