100147
100228
100244
100260
100276
100292
100309
100325
100341
100357
100373
100390
100406
100422
100438
100454
100470
100486
100502
100519
100535
100552
100569
100586
100602
100619
100636
100653
100670
100686
100703
100720
100736
100752
100768
100785
100801
100817
100834
100850
100866
100882
100898
100915
100932
100948
100965
100982
100998
101014
101030
101047
101063
101079
101095
101112
101128
101144
101160
101177
101194
101211
101228
101245
101262
101279
101295
101312
101329
101345
101361
101377
101393
101410
101426
101442
101459
101476
101492
101508
101524
101540
101556
101572
101588
101605
101622
101638
101655
101672
101688
101704
101721
101738
101754
101770
101786
101802
101818
101834
101850
101867
101883
101900
101917
101934
101951
101968
101984
102001
102019
102036
102053
102069
102086
102103
102120
102137
102154
102171
102187
102204
102221
102237
102253
102269
102286
102303
102320
102336
102353
102369
102386
102403
102419
102435
102451
102467
102484
102501
102518
102535
102551
102567
102583
102599
102616
102632
102649
102665
102682
102699
102716
102733
102750
102766
102782
102798
102815
102832
102848
102865
102881
102898
102914
102931
102948
102964
102981
102997
103014
103031
103047
103063
103079
103096
103112
103129
103145
103161
103178
103195
103211
103228
103245
103262
103279
103295
103311
103328
103345
103361
103378
103394
103410
103427
103444
103460
103477
103494
103510
103527
103544
103561
103577
103593
103610
103626
103642
103659
103676
103692
103708
103725
103742
103759
103776
103792
103808
103825
103842
103858
103875
103891
103907
103924
103941
103958
103974
103990
104007
104023
104040
104056
104072
104088
104105
104122
104139
104155
104171
104188
104205
104222
104238
104255
104272
104288
104304
104320
104336
104353
104369
104385
104402
104418
104435
104452
104469
104486
104502
104518
104534
104551
104568
104584
104601
104618
104634
104650
104667
104683
104699
104715
104731
104747
104764
104780
104796
104813
104830
104847
104864
104880
104897
104913
104930
104946
104962
104978
104994
105011
105028
105044
105060
105077
105094
105111
105128
105144
