110171
110213
110230
110247
110263
110280
110297
110313
110329
110345
110362
110378
110395
110412
110428
110444
110460
110476
110493
110510
110526
110542
110558
110574
110590
110606
110622
110639
110655
110672
110689
110705
110722
110740
110757
110773
110790
110807
110823
110840
110857
110874
110891
110908
110924
110941
110958
110975
110991
111007
111023
111039
111056
111072
111088
111104
111120
111136
111153
111170
111187
111204
111221
111238
111255
111272
111288
111304
111320
111337
111354
111370
111386
111402
111419
111436
111452
111469
111485
111502
111519
111535
111551
111567
111583
111600
111616
111633
111650
111667
111683
111700
111716
111732
111749
111766
111782
111799
111816
111832
111848
111864
111880
111896
111913
111929
111945
111961
111977
111994
112010
112027
112044
112060
112077
112093
112109
112125
112141
112157
112173
112189
112205
112222
112238
112255
112271
112287
112304
112321
112338
112354
112370
112386
112402
112419
112435
112451
112468
112484
112500
112516
112532
112549
112566
112583
112600
112617
112633
112650
112667
112683
112699
112716
112733
112750
112767
112783
112800
112817
112833
112849
112866
112883
112899
112916
112933
112949
112966
112983
112999
113015
113031
113048
113065
113081
113098
113115
113132
113148
113164
113181
113197
113213
113229
113245
113261
113277
113293
113310
113327
113343
113359
113375
113391
113407
113424
113440
113457
113474
113491
113507
113523
113539
113555
113571
113588
113605
113621
113638
113654
113670
113686
113703
113719
113736
113752
113768
113785
113801
113818
113834
113851
113867
113883
113899
113915
113931
113947
113964
113980
113996
114012
114028
114045
114061
114077
114093
114110
114127
114143
114159
114175
114191
114207
114224
114241
114257
114274
114291
114308
114324
114340
114357
114373
114389
114406
114423
114439
114455
114471
114487
114504
114520
114536
114553
114570
114586
114603
114619
114635
114652
114668
114685
114702
114718
114735
114752
114768
114784
114800
114817
114834
114850
114867
114884
114900
114916
114933
114949
114965
114981
114998
115015
115032
115049
115066
115083
115100
115117
115134
115152
115169
