120196
120249
120266
120283
120300
120317
120334
120351
120368
120385
120402
120419
120435
120451
120468
120485
120501
120518
120534
120551
120567
120583
120599
120615
120632
120648
120664
120680
120697
120713
120730
120746
120763
120779
120795
120811
120828
120844
120860
120877
120894
120911
120928
120946
120962
120979
120996
121013
121029
121046
121062
121079
121095
121111
121127
121144
121160
121177
121193
121209
121225
121242
121258
121274
121291
121308
121324
121341
121358
121375
121391
121408
121425
121442
121459
121476
121493
121510
121527
121543
121559
121575
121591
121608
121624
121640
121657
121674
121691
121707
121724
121741
121758
121775
121792
121809
121825
121842
121858
121874
121890
121907
121923
121939
121955
121972
121988
122004
122020
122036
122054
122071
122087
122104
122120
122137
122154
122170
122186
122203
122219
122235
122251
122268
122285
122302
122319
122336
122353
122370
122387
122404
122420
122437
122454
122470
122486
122503
122520
122536
122552
122568
122584
122600
122617
122633
122650
122666
122682
122699
122716
122733
122749
122766
122782
122798
122815
122832
122848
122865
122881
122897
122914
122930
122946
122962
122978
122994
123010
123026
123042
123059
123075
123091
123108
123125
123142
123159
123176
123193
123209
123225
123241
123258
123274
123291
123307
123324
123341
123357
123373
123389
123406
123423
123439
123456
123473
123489
123506
123523
123539
123555
123571
123587
123604
123621
123638
123655
123672
123688
123705
123722
123739
123755
123771
123788
123805
123822
123838
123855
123872
123889
123906
123923
123939
123955
123971
123987
124003
124020
124036
124053
124070
124086
124103
124119
124136
124153
124169
124186
124202
124219
124235
124252
124268
124285
124301
124318
124335
124352
124368
124384
124402
124419
124435
124451
124468
124485
124501
124517
124534
124550
124567
124583
124599
124615
124631
124647
124663
124679
124695
124711
124728
124745
124762
124778
124795
124812
124829
124846
124863
124879
124895
124911
124927
124944
124961
124977
124993
125010
125026
125043
125060
125076
125092
125109
125126
125143
125160
125176
125193
