2023-04-23 18:43:52.643495
50108
50127
50143
50160
50176
50192
50208
50224
50240
50256
50272
50289
50305
50321
50337
50353
50370
50386
50403
50419
50436
50453
50469
50486
50502
50518
50534
50551
50568
50584
50600
50616
50632
50649
50665
50682
50699
50716
50733
50749
50766
50782
50798
50815
50831
50848
50864
50881
50898
50914
50931
50947
50963
50980
50997
51014
51030
51046
51063
51080
51096
51113
51129
51147
51164
51180
51197
51214
51231
51247
51263
51279
51295
51311
51327
51344
51361
51378
51395
51411
51428
51445
51462
51479
51495
51511
51528
51545
51561
51578
51595
51611
51627
51643
51660
51677
51694
51710
51726
51742
51759
51775
51791
51808
51824
51841
51857
51874
51891
51908
51924
51941
51958
51974
51991
52008
52025
52042
52059
52076
52092
52108
52124
52141
52158
52175
52192
52209
52226
52243
52260
52276
52294
52311
52328
52345
52362
52379
52395
52412
52429
52445
52461
52478
52494
52511
52527
52543
52559
52575
52591
52608
52624
52641
52658
52675
52692
52708
52724
52741
52758
52774
52791
52808
52824
52840
52856
52872
52889
52905
52921
52937
52954
52970
52987
53003
53020
53036
53052
53069
53086
53102
53118
53134
53151
53167
53183
53200
53216
53232
53248
53264
53281
53298
53314
53330
53346
53363
53380
53397
53413
53430
53446
53463
53480
53497
53514
53531
53547
53564
53581
53597
53614
53631
53648
53664
53681
53697
53714
53730
53746
53763
53780
53797
53814
53830
53846
53862
53879
53895
53912
53929
53946
53963
53979
53995
54012
54029
54046
54063
54079
54096
54113
54130
54146
54163
54179
54196
54213
54230
54246
54262
54279
54295
54312
54329
54346
54362
54379
54396
54413
54429
54446
54463
54480
54497
54513
54530
54547
54563
54579
54596
54612
54628
54644
54660
54676
54692
54709
54725
54742
54759
54775
54792
54809
54826
54843
54860
54876
54892
54909
54925
54942
54958
54975
54992
55009
55026
55043
55060
55077
55094
