55240
55273
55306
55339
55372
55405
55438
55472
55506
55539
55573
55606
55639
55673
55706
55739
55772
55805
55839
55872
55905
55939
55972
56006
56039
56072
56105
56138
56172
56205
56238
56271
56304
56338
56371
56404
56438
56471
56505
56539
56573
56606
56639
56672
56705
56739
56773
56806
56840
56874
56907
56941
56974
57008
57042
57076
57110
57144
57178
57212
57246
57279
57312
57345
57379
57413
57446
57479
57513
57546
57579
57612
57645
57679
57712
57746
57779
57812
57846
57879
57913
57947
57981
58015
58049
58082
58116
58150
58183
58217
58251
58285
58318
58351
58385
58418
58451
58484
58517
58551
58585
58618
58652
58686
58720
58753
58787
58820
58854
58887
58920
58953
58986
59020
59054
59087
59121
59155
59188
59222
59256
59290
59323
59356
59389
59422
59456
59489
59523
59556
59590
59623
59656
59689
59723
59756
59790
59824
59858
59891
59925
59958
59992
60025
60059
60093
60126
60159
60193
60226
55304
55440
55587
55721
55843
55988
56127
56260
56391
56531
56667
56799
56942
57088
57234
57374
57524
57663
57805
57947
58089
58231
58371
58551
58710
58881
59049
59230
59389
59543
59700
59863
60026
60187
55076
55093
55109
55125
55141
55158
55175
55192
55209
55226
55243
55259
55276
55293
55310
55327
55344
55361
55377
55394
55410
55427
55443
55459
55476
55492
55509
55525
55542
55558
55575
55591
55607
55624
55640
55656
55099
55115
55131
55147
55163
55180
55196
55212
55228
55245
55262
55278
55294
55310
55327
55343
55360
55377
55394
55411
55428
55445
55462
55479
55495
55511
55528
55545
55561
55578
55594
55610
55626
55642
55658
55674
55690
55706
55723
55740
55757
55773
55789
55806
55823
55839
55855
55872
55889
55905
55921
55938
55955
55971
55988
56004
56020
56037
56053
56069
56085
56101
56117
56134
56151
56168
56185
56202
56219
56236
56253
56270
56287
56303
56320
56337
56353
56369
56386
56402
56418
56434
56451
56468
56487
56504
56521
56538
56554
56571
56587
56603
56619
56636
56653
56670
56686
56703
56719
56736
56752
56768
56785
56801
56817
56833
56849
56865
56881
56898
56914
56931
56948
56965
56982
56998
57015
57032
57048
57065
57081
57097
57114
57130
57146
57163
57179
57196
57212
57229
57245
57262
57278
57295
57312
57328
57345
57361
57378
57395
57412
57429
57446
57463
57480
57496
57513
57530
57547
57564
57581
57598
57615
57632
57648
57665
57682
57699
57716
57733
57749
57766
57783
57800
57816
57833
57850
57867
57884
57900
57916
57932
57948
57964
57980
57996
58012
58028
58046
58063
58080
58096
58112
58128
58144
58161
58177
58193
58210
58227
58243
58259
58275
58291
58307
58323
58339
58355
58371
58388
58404
58420
58437
58453
58469
58485
58501
58517
58533
58549
58565
58581
58598
58615
58631
58647
58663
58679
58695
58712
58728
58744
58761
58778
58794
58811
58827
58843
58859
58876
58893
58910
58926
58943
58960
58977
58994
59010
59026
59043
59059
59075
59091
59107
59124
59141
59158
59175
59192
59209
59226
59243
59259
59276
59292
59309
59325
59341
59358
59375
59392
59409
59426
59443
59460
59477
59494
59511
59528
59545
59562
59579
59596
59613
59630
59647
59664
59680
59697
59714
59731
59748
59765
59781
59797
59814
59831
59847
59864
59881
59897
59913
59930
59946
59963
59980
59996
60013
60029
60046
60062
60078
60094
55094
55110
55126
55143
55160
55176
55193
55209
55226
55242
55258
55275
55292
55308
55325
55341
55357
55373
55389
55406
55423
55440
55456
55473
55490
55507
55524
55540
55556
55573
55590
55607
55623
55639
55655
55671
55688
55704
55720
55737
55754
55771
55787
55803
55819
55836
55852
55868
55885
55902
55919
55935
55951
55967
55983
56000
56016
56032
56048
56065
56082
56098
56114
56130
56146
56162
56178
56195
56212
56228
56245
56262
56278
56294
56310
56326
56342
56359
56376
56393
56410
56426
56442
56458
56474
56490
56507
56524
56541
56558
56574
56590
56606
56623
56639
56655
56672
56689
56705
56721
56737
56753
56769
56786
56802
56819
56835
56851
56867
56884
56901
56918
56935
56952
56968
56984
57001
57018
57034
57051
57068
57085
57102
57118
57135
57151
57167
57184
57201
57217
57234
57251
57267
57284
57300
57317
57334
57351
57368
57385
57402
57419
57435
57452
57468
57484
57500
57516
57532
57548
57565
57581
57598
57615
57632
57649
57666
57682
57699
57716
57732
57749
57765
57781
57798
57815
57831
57847
57864
57881
57898
57915
57931
57948
57964
57981
57997
58013
58029
58045
58062
58078
58095
58113
58130
58147
58163
58179
58196
58212
58228
58245
58262
58278
58294
58311
58328
58344
58361
58377
58393
58409
58425
58441
58457
58474
58491
58508
58524
58540
58556
58573
58589
58605
58621
58637
58653
58669
58686
58702
58718
58735
58751
58767
58783
58799
58815
58832
58848
58864
58880
58896
58912
58929
58946
58963
58979
58995
59011
59027
59044
59061
59078
59095
59111
59127
59143
59160
59176
59192
59208
59224
59242
59259
59275
59292
59309
59326
59342
59358
59374
59391
59407
59424
59441
59458
59475
59492
59508
59525
59542
59559
59576
59593
59609
59625
59642
59658
59675
59692
59708
59725
59742
59759
59776
59792
59808
59825
59841
59858
59874
59890
59906
59923
59940
59957
59973
59989
60006
60022
60038
60054
60071
60087
55046
55062
55078
55094
55110
55126
55142
55159
55175
55192
55209
55225
55241
55257
55274
55291
55308
55325
55342
55359
55376
55393
55410
55426
55443
55460
55477
55493
55509
55525
55542
55558
55574
55590
55607
55624
55641
55658
55675
55692
55709
55726
55760
55777
55793
55809
55825
55841
55857
55873
55890
55906
55922
55939
55955
55972
55989
56006
56023
56040
56056
56073
56089
56105
56121
56138
56154
56171
56187
56204
56221
56238
56254
56271
56287
56303
56319
56336
56353
56369
56386
56402
56419
56436
56453
56470
56486
56502
56519
56535
56552
56569
56585
56602
56619
56636
56652
56668
56685
56702
56718
56734
56750
56767
56783
56799
56815
56832
56849
56865
56881
56897
56913
56929
56945
56961
56977
56994
57010
57026
57042
57059
57076
57092
57109
57126
57142
57159
57176
57192
57208
57224
57240
57256
57273
57290
57306
57323
57339
57356
57372
57389
57406
57423
57440
57456
57472
57488
57504
57520
57536
57552
57569
57586
57602
57619
57635
57652
57669
57686
57703
57719
57735
57751
57768
57785
57802
57819
57836
57853
57870
57887
57904
57921
57938
57954
57970
57987
58003
58020
58036
58052
58069
58086
58103
58119
58135
58152
58168
58185
58201
58218
58235
58251
58267
58284
58300
58317
58333
58349
58366
58383
58400
58416
58432
58448
58464
58480
58496
58513
58530
58546
58563
58579
58595
58612
58629
58646
58663
58679
58696
58713
58729
58745
58762
58778
58795
58811
58827
58844
58861
58877
58893
58910
58927
58944
58960
58977
58993
59009
59025
59041
59058
59074
59090
59107
59123
59140
59157
59174
59191
59208
59224
59241
59258
59275
59292
59309
59326
59343
59360
59377
59393
59410
59427
59443
59459
59475
59491
59507
59523
59539
59557
59573
59589
59606
59622
59638
59655
59671
59688
59704
59721
59738
59755
59772
59788
59804
59820
59837
59853
59870
59887
59903
59920
59936
59952
59969
59986
60002
60018
60034
