2023-04-23 18:42:37.726783
0
17
33
50
66
83
100
117
134
150
166
183
200
216
232
248
265
282
299
316
332
349
365
382
399
416
432
448
465
482
499
516
532
549
566
583
600
617
633
650
666
683
699
715
732
748
764
781
797
814
831
848
864
880
897
914
930
947
964
980
997
1013
1029
1046
1062
1079
1096
1113
1129
1145
1163
1179
1196
1213
1230
1247
1264
1280
1297
1314
1331
1348
1365
1381
1397
1413
1429
1446
1463
1480
1497
1513
1530
1546
1562
1578
1594
1611
1627
1644
1661
1678
1695
1712
1728
1745
1762
1779
1796
1813
1830
1846
1863
1880
1897
1913
1929
1946
1962
1979
1996
2013
2030
2046
2063
2080
2097
2114
2131
2148
2166
2182
2199
2215
2232
2249
2265
2281
2297
2314
2330
2347
2364
2380
2397
2413
2430
2446
2462
2478
2495
2512
2529
2546
2562
2579
2596
2612
2629
2646
2663
2680
2697
2714
2731
2747
2764
2781
2798
2814
2831
2847
2864
2881
2897
2914
2931
2948
2965
2981
2998
3014
3030
3046
3062
3079
3095
3111
3128
3145
3161
3178
3195
3212
3229
3245
3261
3277
3294
3310
3326
3343
3360
3378
3394
3410
3426
3443
3459
3475
3491
3507
3523
3539
3556
3572
3588
3605
3622
3638
3654
3671
3688
3705
3721
3738
3755
3772
3788
3805
3822
3839
3856
3872
3888
3905
3922
3938
3955
3972
3988
4005
4021
4038
4054
4070
4086
4102
4119
4135
4151
4167
4183
4200
4217
4234
4250
4267
4284
4301
4318
4335
4352
4369
4385
4402
4419
4436
4453
4469
4485
4502
4519
4536
4553
4570
4587
4604
4621
4638
4654
4671
4688
4705
4722
4738
4755
4771
4787
4804
4821
4837
4853
4870
4886
4903
4920
4937
4953
4969
4985
