2023-04-23 18:43:07.550490
5004
5020
5036
5053
5069
5086
5103
5119
5136
5153
5170
5187
5204
5221
5238
5255
5272
5289
5305
5322
5339
5355
5372
5388
5404
5420
5437
5454
5471
5487
5503
5520
5537
5553
5569
5585
5602
5619
5636
5652
5669
5686
5703
5720
5737
5755
5772
5789
5806
5822
5838
5854
5870
5886
5902
5919
5936
5952
5969
5986
6003
6020
6037
6053
6070
6087
6104
6121
6138
6154
6170
6187
6203
6219
6236
6252
6268
6284
6301
6317
6334
6351
6367
6384
6400
6417
6433
6449
6466
6483
6499
6516
6533
6550
6566
6582
6599
6615
6631
6648
6664
6681
6698
6714
6730
6747
6764
6781
6798
6814
6830
6846
6862
6879
6895
6911
6927
6944
6961
6977
6993
7009
7026
7042
7059
7075
7091
7107
7124
7141
7158
7175
7192
7209
7225
7241
7257
7273
7289
7306
7322
7339
7356
7372
7389
7405
7422
7439
7455
7471
7488
7505
7521
7538
7555
7572
7588
7605
7622
7638
7655
7671
7688
7704
7720
7736
7752
7769
7786
7803
7819
7835
7852
7868
7884
7900
7916
7933
7950
7967
7983
8000
8016
8032
8049
8065
8082
8098
8114
8130
8146
8164
8180
8196
8213
8230
8247
8263
8280
8297
8314
8331
8347
8363
8379
8396
8412
8428
8445
8461
8477
8493
8509
8526
8543
8560
8577
8594
8610
8626
8643
8659
8675
8691
8708
8724
8740
8756
8772
8788
8804
8821
8838
8854
8870
8887
8903
8920
8937
8953
8970
8986
9003
9019
9036
9053
9070
9087
9103
9120
9137
9154
9170
9186
9203
9219
9235
9252
9268
9284
9300
9316
9332
9348
9365
9382
9399
9415
9432
9449
9465
9482
9498
9515
9532
9549
9566
9583
9599
9615
9631
9648
9664
9681
9698
9714
9731
9747
9763
9779
9796
9813
9830
9846
9862
9878
9895
9912
9929
9945
9962
9979
9996
