80069
80086
80103
80119
80135
80151
80167
80183
80200
80217
80234
80251
80268
80284
80300
80317
80333
80350
80367
80383
80399
80416
80433
80450
80466
80482
80498
80514
80531
80548
80565
80582
80599
80616
80633
80650
80666
80682
80698
80715
80731
80747
80763
80779
80795
80811
80828
80845
80862
80878
80895
80911
80927
80943
80960
80977
80994
81010
81026
81042
81059
81076
81093
81110
81126
81142
81158
81175
81192
81208
81225
81241
81257
81274
81291
81308
81324
81341
81358
81374
81391
81407
81424
81440
81457
81474
81491
81508
81524
81541
81558
81574
81591
81608
81624
81640
81657
81674
81690
81706
81722
81739
81755
81771
81787
81804
81820
81837
81854
81871
81888
81904
81920
81937
81954
81970
81987
82003
82020
82036
82052
82068
82084
82101
82117
82134
82151
82167
82183
82199
82216
82233
82249
82266
82282
82299
82316
82332
82349
82365
82381
82398
82415
82432
82448
82465
82482
82499
82515
82531
82548
82565
82582
82599
82615
82631
82648
82664
82681
82698
82715
82732
82749
82765
82782
82798
82815
82831
82848
82865
82881
82898
82915
82932
82949
82965
82981
82997
83013
83030
83047
83063
83079
83095
83112
83129
83146
83162
83179
83196
83212
83228
83244
83260
83277
83293
83309
83325
83341
83358
83374
83391
83408
83424
83441
83458
83474
83490
83507
83523
83539
83555
83571
83588
83604
83620
83636
83652
83668
83685
83701
83717
83734
83751
83767
83784
83800
83817
83834
83851
83868
83885
83902
83918
83934
83950
83966
83983
83999
84016
84032
84048
84065
84082
84098
84114
84130
84146
84162
84178
84194
84210
84227
84244
84261
84277
84294
84311
84327
84344
84361
84378
84395
84411
84428
84445
84462
84479
84496
84512
84528
84544
84560
84576
84592
84609
84625
84642
84659
84676
84693
84709
84726
84743
84759
84776
84792
84809
84826
84843
84860
84877
84893
84910
84927
84943
84959
84975
84993
85010
85027
85044
85061
