75062
75079
75096
75113
75129
75146
75163
75179
75196
75212
75228
75245
75262
75278
75295
75311
75327
75343
75359
75376
75393
75410
75426
75442
75458
75474
75490
75507
75523
75540
75557
75573
75589
75606
75623
75639
75655
75671
75687
75704
75721
75737
75753
75770
75787
75804
75821
75838
75855
75872
75888
75905
75922
75939
75956
75972
75989
76006
76022
76038
76055
76072
76088
76104
76120
76137
76153
76169
76185
76202
76219
76236
76252
76269
76286
76302
76318
76334
76350
76366
76382
76398
76415
76432
76449
76465
76482
76499
76516
76532
76549
76566
76582
76598
76614
76631
76647
76664
76680
76696
76712
76728
76745
76762
76778
76795
76811
76827
76843
76859
76875
76892
76908
76924
76940
76957
76974
76990
77007
77023
77039
77056
77073
77089
77105
77122
77138
77155
77172
77189
77206
77223
77240
77257
77274
77291
77308
77324
77341
77358
77375
77391
77408
77424
77440
77456
77473
77489
77506
77522
77538
77554
77570
77587
77604
77620
77637
77654
77670
77686
77702
77719
77735
77751
77767
77784
77800
77817
77833
77849
77866
77883
77899
77915
77931
77948
77964
77981
77997
78014
78030
78047
78063
78079
78095
78111
78128
78145
78162
78179
78195
78211
78227
78244
78261
78277
78293
78310
78327
78344
78360
78376
78393
78410
78426
78443
78460
78476
78493
78510
78527
78544
78561
78578
78595
78611
78628
78645
78662
78678
78694
78710
78726
78742
78759
78775
78791
78808
78825
78842
78859
78875
78892
78909
78926
78942
78959
78975
78992
79009
79026
79042
79059
79075
79092
79108
79125
79141
79158
79175
79192
79209
79225
79242
79258
79274
79290
79307
79324
79340
79356
79373
79389
79405
79422
79438
79454
79471
79487
79504
79521
79538
79555
79572
79589
79606
79623
79639
79656
79673
79689
79705
79721
79737
79754
79770
79787
79804
79821
79837
79853
79869
79885
79901
79918
79935
79951
79968
79985
80002
80019
80036
80053
