90131
90216
90232
90248
90265
90281
90297
90314
90331
90348
90364
90380
90397
90414
90431
90448
90464
90481
90497
90514
90530
90547
90563
90580
90597
90614
90631
90648
90664
90681
90697
90713
90729
90745
90761
90778
90795
90812
90829
90846
90863
90880
90897
90914
90931
90948
90964
90980
90996
91012
91029
91045
91061
91078
91094
91110
91126
91143
91160
91177
91193
91210
91227
91244
91261
91278
91295
91312
91328
91344
91360
91376
91392
91408
91424
91441
91457
91474
91490
91507
91524
91541
91558
91575
91592
91609
91626
91643
91660
91676
91693
91709
91725
91742
91759
91776
91792
91809
91826
91843
91860
91876
91892
91909
91925
91942
91959
91976
91993
92010
92026
92042
92058
92074
92091
92108
92124
92141
92158
92174
92190
92207
92224
92241
92257
92274
92291
92307
92324
92340
92356
92373
92390
92407
92423
92439
92455
92472
92489
92505
92522
92538
92554
92571
92587
92603
92619
92636
92653
92670
92686
92703
92720
92736
92753
92770
92787
92803
92819
92835
92851
92867
92883
92899
92915
92931
92948
92964
92980
92997
93014
93030
93046
93062
93078
93095
93112
93129
93146
93162
93179
93196
93212
93229
93246
93262
93279
93296
93313
93330
93346
93362
93378
93395
93411
93427
93443
93461
93477
93493
93510
93526
93542
93558
93575
93592
93609
93625
93641
93657
93673
93690
93707
93723
93739
93755
93771
93788
93805
93822
93839
93856
93873
93891
93908
93924
93941
93957
93973
93990
94006
94022
94039
94055
94071
94088
94104
94121
94137
94153
94169
94186
94202
94219
94236
94252
94269
94285
94301
94317
94334
94350
94367
94384
94400
94416
94433
94450
94467
94484
94501
94517
94533
94549
94565
94582
94598
94615
94632
94649
94665
94681
94697
94713
94730
94746
94762
94778
94795
94812
94828
94844
94861
94877
94893
94909
94925
94942
94959
94976
94993
95009
95025
95041
95058
95075
95091
95107
95123
