2023-04-23 18:43:47.656368
45100
45117
45133
45150
45167
45183
45200
45216
45232
45249
45265
45281
45298
45315
45332
45349
45366
45382
45398
45414
45430
45447
45464
45481
45498
45515
45531
45548
45564
45581
45598
45614
45631
45648
45664
45681
45698
45715
45731
45747
45764
45781
45798
45814
45830
45846
45862
45879
45896
45912
45929
45945
45962
45979
45995
46011
46028
46045
46061
46078
46095
46111
46127
46144
46160
46176
46192
46209
46226
46242
46259
46276
46293
46309
46325
46342
46358
46375
46392
46408
46424
46441
46457
46474
46491
46508
46525
46541
46558
46575
46592
46609
46625
46642
46659
46676
46692
46709
46726
46743
46760
46777
46794
46811
46828
46845
46862
46879
46896
46912
46928
46944
46961
46977
46994
47011
47028
47044
47061
47078
47094
47111
47128
47144
47160
47177
47194
47211
47228
47244
47260
47276
47292
47309
47325
47341
47358
47375
47392
47408
47424
47440
47457
47474
47491
47508
47524
47540
47556
47573
47590
47607
47624
47641
47658
47674
47691
47708
47725
47741
47758
47775
47792
47809
47826
47843
47860
47876
47892
47909
47925
47942
47959
47976
47992
48009
48026
48042
48059
48075
48091
48108
48125
48141
48157
48174
48191
48207
48223
48239
48255
48271
48287
48303
48319
48337
48353
48369
48386
48403
48420
48436
48452
48468
48484
48500
48517
48534
48551
48567
48583
48600
48617
48634
48651
48668
48685
48701
48717
48734
48750
48767
48783
48800
48816
48832
48848
48864
48880
48896
48913
48929
48946
48963
48980
48996
49012
49028
49044
49060
49076
49092
49109
49126
49143
49160
49176
49193
49209
49226
49242
49259
49275
49292
49309
49325
49341
49357
49374
49391
49407
49424
49440
49457
49474
49491
49508
49524
49541
49557
49574
49591
49607
49624
49641
49657
49674
49690
49706
49722
49739
49755
49771
49788
49805
49822
49839
49855
49872
49889
49906
49923
49941
49958
49974
49991
50008
50025
50041
50057
50074
50091
