0
17
33
49
66
82
99
116
133
150
166
182
199
216
232
248
265
282
299
315
331
348
365
382
398
415
432
449
465
482
498
514
530
546
563
579
595
611
627
643
659
676
693
710
726
742
759
775
791
807
823
839
855
871
887
903
919
935
952
969
986
1002
1018
1035
1052
1069
1086
1102
1118
1135
1152
1169
1186
1202
1218
1235
1252
1268
1284
1301
1317
1334
1351
1367
1383
1399
1416
1432
1449
1465
1481
1497
1513
1529
1546
1563
1579
1596
1612
1628
1645
1661
1677
1694
1710
1726
1742
1759
1776
1792
1809
1825
1841
1858
1874
1890
1906
1922
1939
1955
1972
1989
2006
2022
2039
2055
2072
2089
2106
2123
2139
2156
2172
2189
2205
2222
2238
2255
2272
2289
2305
2322
2339
2356
2372
2388
2405
2422
2439
2456
2473
2489
2505
2521
2537
2553
2569
2586
2603
2620
2636
2653
2670
2686
2702
2719
2735
2752
2769
2785
2802
2819
2836
2853
2869
2886
2902
2919
2935
2951
2968
2985
3001
3018
3034
3051
3068
3085
3102
3119
3136
3152
3169
3185
3202
3218
3234
3250
3267
3283
3299
3315
3332
3348
3365
3381
3397
3413
3429
3445
3462
3479
3496
3513
3530
3547
3564
3581
3598
3615
3632
3649
3666
3682
3699
3716
3732
3749
3766
3782
3799
3816
3833
3850
3867
3884
3901
3918
3934
3951
3968
3984
4000
4016
4033
4049
4065
4081
4097
4113
4129
4145
4161
4177
4194
4210
4227
4243
4259
4275
4292
4308
4324
4340
4357
4374
4391
4407
4423
4439
4456
4472
4488
4505
4522
4538
4555
4571
4587
4603
4620
4636
4652
4669
4685
4702
4719
4736
4753
4770
4787
4804
4821
4838
4855
4872
4889
4906
4923
4939
4956
4973
4990
5007
5024
5041
5057
5074
5091
5108
5125
5142
5159
5176
5193
5210
5227
5244
5261
5278
5294
5311
5328
5345
5362
5379
5396
5413
5430
5447
5464
5481
5498
5515
5532
5549
5566
5583
5599
5615
5631
5647
5663
5679
5695
5711
5727
5743
5760
5777
5793
5810
5826
5842
5858
5875
5891
5907
5923
5940
5956
5973
5990
6006
6022
6038
6055
6071
6088
6105
6121
6138
6154
6171
6188
6205
6222
6239
6256
6272
6289
6305
6322
6339
6356
6372
6388
6405
6421
6438
6455
6471
6488
6504
6521
6538
6555
6572
6588
6604
6621
6637
6653
6669
6685
6701
6717
6733
6749
6765
6781
6798
6814
6830
6846
6863
6879
6895
6911
6927
6943
6959
6975
6991
7007
7023
7041
7059
7077
7093
7109
7126
7142
7159
7176
7193
7210
7226
7243
7260
7277
7294
7311
7328
7344
7361
7378
7395
7411
7428
7445
7462
7479
7496
7513
7529
7545
7561
7577
7594
7611
7627
7644
7661
7678
7694
7710
7727
7743
7760
7777
7793
7809
7826
7843
7859
7876
7893
7909
7925
7942
7959
7976
7993
8009
8025
8042
8058
8074
8091
8108
8125
8142
8159
8175
8192
8209
8225
8241
8258
8274
8290
8307
8323
8340
8356
8372
8389
8406
8423
8439
8456
8472
8488
8505
8521
8538
8554
8571
8588
8604
8621
8637
8653
8669
8685
8701
8718
8735
8752
8769
8785
8802
8818
8835
8852
8868
8884
8900
8917
8933
8949
8965
8982
8999
9015
9031
9047
9064
9081
9097
9113
9130
9146
9162
9178
9194
9210
9226
9243
9260
9276
9293
9310
9327
9344
9361
9378
9394
9411
9428
9445
9462
9479
9496
9513
9530
9547
9563
9580
9596
9613
9629
9645
9662
9679
9696
9712
9728
9745
9762
9779
9795
9811
9827
9844
9861
9878
9895
9912
9928
9944
9961
9978
9995
10012
10029
10046
10063
10080
10097
10113
10129
10146
10162
10179
10196
10213
10230
10247
10263
10280
10296
10312
10328
10344
10360
10376
10393
10410
10427
10443
10459
10475
10492
10508
10525
10542
10558
10575
10591
10608
10625
10642
10658
10674
10691
10708
10725
10742
10759
10776
10793
10809
10825
10841
10858
10875
10892
10908
10925
10942
10958
10975
10992
11008
11025
11042
11059
11075
11091
11108
11125
11142
11159
11175
11191
11207
11223
11239
11255
11271
11287
11304
11321
11338
11355
11372
11388
11405
11422
11439
11455
11472
11488
11504
11521
11537
11553
11569
11586
11602
11618
11634
11650
11667
11683
11700
11717
11734
11751
11768
11785
11802
11818
11834
11851
11868
11884
11901
11917
11933
11949
11965
11981
11998
12014
12031
12047
12063
12079
12096
12112
12129
12146
12162
12178
12195
12212
12229
12246
12262
12279
12295
12312
12328
12345
12362
12378
12395
12411
12427
12444
12460
12477
12494
12511
12528
12545
12561
12577
12594
12611
12627
12644
12660
12677
12693
12710
12727
12743
12759
12775
12791
12807
12824
12841
12858
12875
12891
12908
12925
12942
12959
12976
12993
13009
13026
13043
13060
13076
13093
13110
13127
13143
13160
13177
13193
13210
13227
13244
13261
13278
13295
13312
13329
13346
13363
13380
13397
13413
13430
13446
13462
13479
13496
13512
13529
13546
13563
13580
13596
13613
13629
13646
13662
13678
13694
13711
13727
13743
13760
13777
13794
13810
13826
13842
13858
13875
13892
13909
13926
13943
13960
13977
13993
14010
14027
14044
14061
14078
14095
14112
14129
14146
14163
14180
14197
14214
14230
14247
14263
14279
14296
14312
14328
14344
14360
14376
14392
14408
14425
14442
14459
14476
14492
14508
14525
14541
14558
14574
14590
14606
14622
14639
14655
14671
14688
14705
14721
14738
14755
14772
14789
14806
14823
14840
14857
14874
14891
14908
14925
14942
14959
14976
14993
15010
15027
15043
15060
15077
15093
15109
15126
15143
15159
15176
15193
15209
15226
15243
15260
15277
15293
15310
15327
15343
15360
15377
15393
15409
15426
15443
15460
15477
15493
15509
15526
15543
15559
15576
15592
15609
15625
15641
15658
15675
15692
15709
15725
15741
15757
15773
15790
15806
15822
15838
15855
15872
15889
15905
15922
15939
15956
15973
15989
16006
16023
16039
16056
16072
16089
16106
16122
16139
16156
16172
16189
16205
16221
16238
16255
16272
16289
16305
16321
16337
16354
16371
16388
16405
16422
16439
16456
16473
16490
16507
16524
16541
16558
16575
16591
16608
16625
16642
16658
16675
16691
16707
16724
16741
16758
16774
16790
16806
16822
16838
16855
16872
16889
16906
16923
16939
16956
16973
16990
17006
17023
17040
17057
17074
17091
17108
17125
17142
17159
17176
17193
17209
17226
17242
17259
17275
17292
17309
17325
17341
17357
17373
17390
17406
17422
17438
17454
17471
17487
17504
17521
17538
17554
17571
17588
17605
17622
17639
17656
17673
17690
17707
17724
17741
17758
17774
17790
17806
17822
17838
17854
17870
17887
17904
17921
17937
17953
17969
17985
18002
18019
18035
18052
18068
18084
18101
18118
18135
18151
18167
18184
18201
18218
18235
18252
18268
18284
18300
18316
18332
18349
18366
18382
18398
18414
18430
18446
18463
18480
18496
18513
18530
18547
18564
18581
18598
18615
18632
18649
18666
18683
18699
18716
18733
18750
18766
18783
18800
18817
18833
18850
18866
18883
18900
18916
18933
18950
18967
18983
19000
19017
19034
19051
19068
19085
19102
19119
19136
19153
19170
19187
19204
19221
19238
19255
19272
19288
19305
19321
19337
19353
19369
19386
19403
19419
19435
19452
19468
19484
19500
19516
19532
19549
19565
19581
19598
19614
19631
19648
19664
19681
19697
19713
19729
19745
19761
19777
19794
19811
19828
19845
19862
19879
19896
19912
19929
19946
19963
19980
19997
20013
