2023-04-23 18:43:32.608963
30060
30077
30095
30112
30129
30145
30162
30179
30195
30211
30227
30244
30261
30277
30293
30310
30327
30343
30360
30376
30392
30409
30425
30442
30459
30475
30491
30507
30524
30540
30557
30574
30590
30606
30623
30640
30657
30674
30691
30707
30724
30741
30757
30773
30790
30807
30824
30840
30856
30873
30889
30905
30922
30939
30955
30972
30989
31005
31021
31037
31053
31069
31086
31103
31119
31136
31152
31169
31185
31201
31218
31234
31250
31266
31282
31298
31314
31331
31347
31363
31380
31396
31412
31428
31444
31461
31477
31493
31509
31525
31542
31558
31574
31591
31608
31625
31641
31657
31674
31691
31707
31724
31741
31757
31773
31789
31806
31823
31840
31857
31874
31890
31907
31924
31941
31958
31975
31992
32009
32025
32042
32059
32075
32091
32108
32124
32140
32157
32173
32190
32207
32224
32241
32257
32274
32291
32308
32325
32342
32359
32375
32391
32407
32423
32440
32457
32473
32490
32506
32523
32539
32557
32574
32591
32608
32624
32640
32657
32674
32691
32708
32725
32742
32758
32774
32790
32806
32823
32839
32856
32873
32890
32907
32924
32941
32958
32975
32992
33009
33025
33042
33058
33075
33091
33107
33123
33140
33156
33173
33190
33207
33223
33240
33257
33274
33291
33308
33325
33341
33357
33374
33391
33408
33425
33441
33458
33474
33491
33508
33525
33541
33557
33573
33590
33607
33624
33641
33657
33673
33690
33707
33724
33741
33757
33773
33790
33806
33823
33839
33855
33871
33887
33904
33920
33936
33953
33969
33985
34002
34019
34035
34051
34067
34084
34100
34117
34134
34151
34168
34184
34200
34216
34233
34249
34266
34282
34298
34315
34331
34348
34365
34381
34397
34414
34430
34446
34463
34480
34497
34513
34530
34547
34563
34580
34597
34613
34630
34646
34662
34678
34694
34710
34726
34742
34759
34775
34792
34809
34825
34841
34858
34874
34890
34907
34924
34941
34957
34973
34990
35006
35023
35040
35056
