2023-04-23 18:43:57.650330
55110
55126
55142
55159
55175
55191
55207
55223
55240
55257
55273
55290
55306
55323
55340
55356
55373
55389
55406
55423
55440
55457
55473
55489
55506
55523
55539
55555
55571
55587
55604
55620
55637
55653
55669
55685
55702
55719
55736
55753
55769
55786
55802
55819
55836
55852
55868
55885
55901
55918
55934
55950
55967
55983
55999
56016
56033
56050
56067
56083
56099
56116
56133
56150
56166
56182
56199
56216
56233
56249
56266
56282
56298
56315
56332
56349
56365
56381
56397
56413
56430
56446
56462
56479
56495
56511
56527
56543
56560
56577
56593
56609
56625
56641
56658
56675
56691
56708
56724
56741
56757
56773
56789
56806
56823
56840
56856
56872
56889
56905
56922
56938
56955
56972
56989
57005
57021
57038
57054
57070
57086
57103
57119
57135
57152
57169
57185
57202
57219
57235
57252
57268
57284
57301
57318
57334
57351
57368
57385
57402
57419
57436
57452
57469
57486
57503
57520
57537
57554
57571
57588
57605
57621
57637
57654
57670
57687
57703
57720
57737
57753
57770
57786
57802
57819
57836
57852
57868
57885
57902
57919
57936
57952
57969
57986
58002
58018
58035
58052
58068
58085
58102
58118
58134
58150
58166
58182
58199
58216
58232
58248
58264
58281
58297
58314
58330
58346
58362
58379
58396
58413
58430
58446
58462
58479
58495
58511
58528
58545
58561
58578
58595
58611
58628
58645
58661
58677
58694
58710
58727
58744
58761
58778
58794
58811
58828
58844
58861
58878
58895
58911
58928
58945
58962
58979
58996
59012
59029
59046
59063
59080
59096
59113
59130
59147
59164
59181
59198
59215
59232
59248
59264
59280
59297
59314
59331
59348
59364
59381
59397
59414
59431
59448
59464
59481
59498
59515
59532
59548
59565
59581
59597
59614
59630
59647
59663
59679
59696
59713
59729
59745
59762
59779
59796
59813
59830
59847
59864
59881
59898
59915
59931
59947
59963
59980
59996
60013
60030
60047
60063
60080
60097
