40178
40211
40244
40278
40312
40346
40380
40413
40446
40480
40514
40548
40582
40617
40650
40683
40717
40750
40783
40816
40849
40882
40916
40949
40982
41015
41049
41083
41116
41149
41182
41215
41248
41282
41316
41350
41383
41416
41449
41483
41516
41549
41582
41615
41648
41681
41714
41748
41782
41815
41849
41882
41916
41949
41982
42015
42049
42083
42116
42149
42183
42217
42250
42284
42317
42351
42385
42419
42452
42486
42519
42552
42585
42618
42652
42685
42719
42752
42785
42819
42853
42886
42920
42954
42987
43020
43053
43086
43119
43152
43185
43218
43251
43285
43319
43353
43386
43420
43453
43486
43520
43553
43586
43620
43653
43687
43721
43754
43788
43821
43855
43888
43921
43955
43988
44022
44056
44090
44124
44157
44190
44224
44258
44291
44325
44359
44392
44426
44459
44492
44525
44558
44591
44625
44658
44691
44725
44759
44793
44826
44859
44892
44926
44959
44992
45026
45059
45093
45126
45160
40161
40253
40360
40448
40538
40626
40714
40813
40906
41009
41115
41214
41319
41462
41568
41671
41778
41880
41986
42091
42195
42299
42431
42542
43385
43498
43625
43735
43847
44443
44556
44671
44786
44901
45023
45133
40062
40122
40178
40233
40288
40344
40400
40457
40529
40583
40640
40696
40752
40815
40873
40932
41005
41063
41125
41188
41249
41308
41365
41421
41503
41561
41621
41686
41747
41806
41868
41951
42011
42083
42154
42227
42298
42365
42448
42521
42595
42669
42741
42813
42881
42958
43031
43103
43176
43248
43317
43386
43467
43537
43607
43677
43749
43818
43890
43984
44055
44126
44197
44267
44337
44409
44501
44571
44644
44719
44793
44864
44937
45011
40127
40173
40209
40247
40284
40322
40361
40398
40435
40474
40512
40550
40611
40667
40710
40751
40790
40831
40870
40911
40951
40991
41068
41117
41158
41200
41242
41282
41323
41364
41403
41444
41485
41538
41583
41622
41664
41705
41747
41787
41828
41873
41918
41963
42039
42085
42130
42175
42223
42270
42314
42362
42409
42457
42502
42551
42638
42699
42751
42805
42856
42913
42972
43029
43118
43175
43233
43292
43351
43409
43468
43530
43620
43678
43738
43808
43878
43946
44014
44111
44181
44250
44318
44381
44444
44508
44569
44632
44716
44781
44846
44911
44975
45036
45100
40035
40059
40075
40099
40115
40131
40147
40164
40181
40198
40215
40231
40248
40265
40282
40299
40316
40332
40356
40373
40389
40409
40426
40443
40460
40476
40492
40508
40525
40542
40559
40575
40592
40609
40625
40649
40666
40682
40698
40715
40732
40749
40774
40791
40808
40825
40841
40857
40873
40890
40906
40922
40938
40954
40970
40986
41002
41018
41034
41050
41067
41083
41099
41116
41132
41148
41165
41181
41198
41215
41231
41248
41274
41291
41308
41325
41354
41371
41388
41405
41426
41443
41460
41481
41498
41515
41532
41549
41566
41583
41600
41616
41633
41650
41667
41684
41700
41717
41734
41751
41768
41785
41802
41819
41835
41851
41868
41884
41900
41916
41933
41950
41967
41984
42001
42018
42035
42052
42069
42086
42103
42120
42136
42153
42170
42187
42204
42221
42238
42255
42272
42289
42306
42323
42340
42357
42374
42391
42408
42425
42442
42459
42476
42493
42510
42527
42544
42561
42578
42595
42612
42629
42646
42663
42679
42696
42713
42730
42747
42764
42781
42798
42814
42830
42847
42864
42881
42898
42915
42931
42947
42964
42980
42997
43015
43032
43049
43066
43082
43099
43116
43132
43149
43165
43181
43198
43215
43232
43249
43266
43282
43298
43315
43331
43347
43364
43380
43396
43413
43430
43446
43463
43480
43497
43513
43529
43545
43561
43577
43593
43609
43626
43643
43659
43676
43692
43709
43726
43743
43759
43775
43792
43808
43825
43841
43857
43874
43891
43907
43924
43942
43959
43975
43991
44007
44023
44040
44056
44072
44088
44104
44121
44137
44154
44171
44187
44203
44219
44236
44252
44268
44285
44301
44317
44333
44349
44365
44381
44398
44415
44432
44449
44466
44482
44499
44516
44532
44549
44565
44582
44599
44616
44633
44650
44666
44683
44700
44716
44732
44748
44765
44781
44798
44814
44830
44847
44864
44880
44896
44913
44929
44945
44961
44978
44995
45012
45029
40055
40072
40089
40106
40123
40139
40156
40172
40189
40206
40223
40239
40255
40271
40287
40303
40319
40335
40351
40367
40383
40399
40415
40431
40447
40463
40479
40495
40511
40527
40543
40559
40575
40591
40607
40623
40639
40656
40673
40689
40706
40723
40740
40757
40774
40791
40808
40825
40842
40859
40876
40893
40910
40927
40944
40961
40978
40995
41012
41029
41046
41063
41080
41096
41113
41129
41145
41161
41178
41195
41212
41229
41246
41263
41279
41296
41313
41330
41347
41363
41379
41395
41412
41428
41445
41462
41479
41496
41513
41530
41546
41563
41580
41596
41613
41629
41645
41661
41677
41693
41709
41725
41741
41758
41775
41791
41807
41824
41841
41858
41875
41891
41907
41923
41940
41957
41973
41989
42006
42022
42038
42054
42070
42087
42103
42119
42135
42151
42167
42183
42199
42216
42233
42249
42265
42282
42298
42315
42332
42349
42366
42383
42400
42417
42492
42508
42525
42541
42558
42575
42592
42609
42626
42643
42660
42676
42693
42710
42727
42744
42761
42777
42793
42809
42826
42842
42858
42874
42890
42907
42923
42939
42955
42972
42989
43005
43022
43038
43054
43070
43086
43102
43118
43134
43150
43167
43183
43200
43216
43232
43248
43264
43281
43298
43315
43332
43349
43366
43383
43399
43415
43431
43448
43464
43480
43497
43514
43531
43548
43565
43582
43598
43614
43631
43647
43664
43681
43698
43714
43731
43748
43764
43780
43796
43812
43829
43845
43862
43879
43896
43913
43930
43947
43964
43980
43996
44012
44029
44046
44063
44080
44097
44114
44131
44147
44164
44181
44198
44215
44232
44248
44265
44281
44297
44313
44329
44345
44361
44378
44394
44411
44428
44445
44462
44478
44495
44511
44528
44545
44562
44579
44595
44611
44627
44644
44661
44678
44694
44711
44727
44743
44760
44776
44793
44810
44826
44843
44860
44877
44894
44911
44927
44944
44960
44976
44993
45010
45026
45042
40075
40092
40108
40124
40141
40157
40173
40189
40206
40223
40239
40256
40272
40288
40304
40320
40336
40353
40370
40387
40403
40420
40436
40453
40469
40485
40502
40518
40534
40551
40568
40584
40601
40617
40633
40649
40665
40682
40699
40716
40733
40749
40765
40781
40798
40814
40831
40848
40864
40880
40896
40913
40929
40946
40962
40978
40995
41011
41028
41045
41062
41078
41094
41111
41128
41144
41161
41177
41193
41209
41226
41243
41259
41275
41291
41308
41324
41340
41357
41374
41391
41408
41425
41441
41458
41474
41491
41507
41524
41540
41556
41573
41590
41606
41623
41640
41657
41673
41690
41707
41724
41741
41757
41774
41791
41808
41825
41842
41859
41875
41892
41909
41926
41943
41960
41977
41993
42010
42027
42044
42061
42078
42094
42110
42126
42142
42159
42176
42192
42209
42225
42242
42258
42274
42290
42306
42323
42340
42357
42374
42390
42407
42423
42440
42457
42473
42490
42506
42523
42539
42555
42571
42588
42605
42621
42637
42653
42669
42686
42702
42718
42735
42752
42769
42786
42803
42820
42837
42854
42871
42887
42903
42920
42936
42953
42969
42986
43002
43019
43036
43053
43070
43087
43103
43119
43135
43152
43169
43185
43202
43219
43236
43252
43268
43285
43301
43318
43334
43350
43366
43383
43399
43416
43433
43450
43466
43483
43500
43516
43533
43550
43566
43583
43600
43617
43634
43650
43666
43683
43700
43716
43733
43750
43766
43783
43800
43817
43833
43850
43867
43883
43900
43916
43933
43949
43965
43981
43997
44014
44030
44047
44064
44080
44096
44113
44130
44146
44163
44179
44195
44212
44229
44246
44262
44278
44294
44311
44328
44344
44361
44377
44394
44411
44428
44445
44462
44478
44494
44511
44528
44544
44561
44577
44593
44609
44626
44642
44659
44676
44693
44709
44725
44741
44758
44775
44792
44809
44826
44842
44858
44874
44891
44907
44923
44939
44956
44972
44989
45005
45021
45038
45054
45070
40055
40100
40143
40187
40229
40272
40323
40385
40431
40475
40519
40560
40600
40640
40687
40732
40778
40827
40873
40917
40969
41016
41063
41111
41161
41206
41251
41293
41332
41373
41413
41454
41495
41547
41589
41631
41672
41713
41754
41794
41835
41873
41913
41953
41993
42043
42083
42125
42167
42207
42247
42288
42330
42370
42410
42451
42492
42536
42576
42618
42659
42701
42741
42782
42824
42868
42914
42960
43005
43049
43104
43168
43214
43261
43308
43354
43402
43451
43501
43553
43604
43651
43698
43741
43790
43833
43876
43920
43966
44010
44055
44098
44139
44180
44220
44260
44302
44346
44387
44428
44469
44509
44550
44588
44628
44669
44709
44750
44789
44840
44888
44930
44971
45013
40096
40149
40197
40243
40047
40064
40080
40097
40114
40131
40147
40163
40179
40195
40212
40228
40244
40261
40278
40294
40311
40327
40343
40359
40375
40391
40407
40423
40439
40456
40473
40489
40506
40523
40540
40557
40573
40589
40605
40621
40637
40653
40670
40687
40703
40719
40735
40751
40767
40783
40800
40817
40833
40849
40865
40882
40899
40916
40933
40949
40965
40982
40998
41014
41030
41047
41064
41080
41096
41113
41130
41146
41163
41180
41197
41213
41229
41246
41263
41279
41296
41312
41328
41345
41362
41378
41394
41410
41427
41444
41461
41477
41493
41510
41527
41543
41559
41575
41591
41607
41623
41640
41657
41674
41691
41708
41724
41740
41757
41773
41789
41806
41822
41838
41855
41872
41889
41905
41921
41937
41954
41970
41987
42004
42021
42038
42055
42072
42089
42105
42121
42138
42155
42172
42188
42204
42220
42237
42254
42270
42286
42302
42318
42335
42351
42367
42383
42399
42416
40057
40073
40089
40106
40122
40138
40154
40170
40186
40203
40220
40236
40252
40268
40284
40300
40316
40333
40349
40365
40381
40397
40414
40430
40447
40464
40480
40496
40513
40530
40546
40562
40579
40595
40611
40627
40644
40661
40678
40695
40711
40727
40743
40759
40776
40792
40809
40825
40842
40859
40875
40892
40908
40924
40940
40957
40973
40990
41006
41023
41039
41055
41072
41089
41106
41123
41140
41156
41174
41191
41208
41225
41241
41258
41274
41291
41307
41323
41340
41357
41374
41391
41407
41424
41440
41456
41473
41490
41506
41523
41540
41557
41574
41590
41607
41624
41640
41656
41672
41689
41706
41723
41740
41756
41772
41789
41806
41822
41838
41855
41872
41889
41906
41922
41938
41954
41970
41986
42002
42019
42035
42052
42068
42085
42102
42119
42136
42152
42169
42186
42203
42219
42235
42251
42268
42285
42301
42318
42334
42350
42367
42384
42401
42417
42433
42450
42467
42484
42501
42518
42534
42550
42567
42583
42600
42616
42632
42648
42664
42680
42697
42713
42730
42746
42762
42779
42795
42811
42827
42844
42861
42878
42894
42910
42926
42942
42959
42975
42992
43008
43025
43041
43058
43074
43090
43107
43123
43140
43156
43172
43189
43205
43222
43238
43255
43272
43288
43305
43321
43338
43354
43371
43387
43403
43420
43437
43454
43471
43488
43505
43521
43538
43554
43571
43588
43604
43620
43637
43654
43671
43688
43704
43720
43736
43752
43768
43784
43800
43816
43832
43849
43866
43883
43900
43916
43932
43948
43965
43981
43997
44014
44031
44047
44063
44079
44096
44113
44129
44146
44163
44179
44195
44213
44229
44245
44262
44279
44296
44312
44329
44346
44363
44380
44397
44414
44430
44446
44462
44478
44494
44511
44528
44544
44560
44576
44593
44609
44625
44641
44657
44673
44689
44705
44721
44738
44754
44770
44787
44804
44820
44836
44852
44868
44884
44900
44916
44933
44949
44966
44983
45000
45016
45032
45048
40060
40076
40092
40109
40126
40143
40160
40176
40192
40209
40226
40242
40258
40275
40291
40308
40324
40340
40358
40375
40391
40407
40424
40440
40456
40473
40489
40506
40523
40540
40557
40573
40589
40605
40621
40638
40654
40670
40687
40703
40719
40735
40751
40767
40784
40801
40818
40834
40851
40868
40885
40901
40917
40933
40949
40966
40983
40999
41016
41032
41054
41071
41087
41103
41120
41137
41153
41170
41186
41203
41220
41237
41254
41270
41286
41302
41318
41334
41350
41367
41383
41400
41416
41432
41449
41465
41481
41498
41515
41531
41548
41564
41580
41596
41612
41628
41645
41661
41678
41694
41711
41727
41743
41760
41776
41793
41810
41827
41843
41860
41876
41893
41909
41926
41942
41959
41975
41991
42007
42023
42040
42056
42073
42090
42107
42124
42141
42157
42173
42189
42206
42222
42239
42256
42272
42289
42305
42322
42339
42356
42373
42390
42406
42422
42439
42456
42472
42489
42506
42523
42540
42556
42572
42589
42606
42622
42639
42656
42672
42690
42707
42723
42740
42757
42773
42789
42806
42822
42838
42854
42870
42887
42903
42920
42936
42953
42970
42987
43004
43021
43038
43054
43070
43086
43102
43119
43136
43153
43169
43185
43202
43219
43235
43252
43269
43286
43303
43319
43336
43353
43370
43386
43402
43419
43436
43453
43470
43486
43503
43519
43535
43552
43568
43585
43602
43619
43635
43651
43667
43684
43701
43717
43734
43750
43767
43784
43801
43817
43833
43850
43867
43883
43899
43916
43933
43949
43966
43983
43999
44016
44032
44049
44066
44083
44099
44116
44133
44149
44165
44182
44199
44216
44232
44248
44265
44282
44299
44315
44332
44348
44364
44381
44398
44414
44431
44448
44464
44481
44497
44513
44530
44547
44564
44581
44597
44614
44631
44648
44664
44681
44698
44715
44732
44749
44765
44782
44798
44814
44831
44847
44863
44879
44896
44913
44930
44947
44963
44979
44996
45012
45029
45045
40020
40036
40052
40068
40084
40100
40117
40134
40151
40167
40183
40199
40215
40232
40248
40265
40281
40297
40313
40329
40346
40362
40378
40394
40410
40427
40443
40459
40475
40491
40508
40524
40540
40556
40573
40590
40607
40624
40641
40658
40675
40692
40709
40726
40742
40758
40775
40792
40809
40826
40843
40860
40877
40893
40909
40925
40941
40957
40974
40990
41007
41024
41041
41057
41074
41090
41106
41122
41139
41156
41172
41188
41204
41220
41237
41253
41269
41285
41302
41318
41335
41351
41368
41384
41400
41416
41433
41450
41466
41482
41499
41516
41533
41549
41565
41581
41598
41615
41631
41648
41665
41682
41698
41715
41732
41749
41765
41781
41797
41813
41829
41845
41862
41879
41895
41911
41927
41943
41960
41976
41992
42009
42026
42043
42060
42076
42092
42109
42125
42142
42158
42174
42191
42207
42223
42239
42256
42273
42289
42305
42322
42339
42356
42373
42390
42407
42423
42440
42457
42473
42490
42506
42523
42540
42557
42574
42591
42608
42625
42641
42657
42674
42690
42706
42723
42739
42756
42773
42789
42806
42822
42839
42856
42872
42888
42904
42921
42937
42954
42971
42988
43004
43021
43038
43055
43072
43089
43105
43121
43138
43154
43171
43188
43204
43221
43238
43255
43272
43288
43304
43320
43337
43354
43370
43387
43404
43421
43437
43453
43469
43486
43503
43519
43535
43551
43567
43583
43599
43616
43632
43649
43665
43681
43697
43715
43731
43747
43764
43781
43797
43814
43831
43847
43864
43880
43896
43912
43929
43946
43963
43979
43996
44013
44029
44045
44062
44078
44095
44111
44127
44144
44160
44176
44193
44210
44227
44243
44260
44277
44294
44311
44328
44344
44361
44378
44395
44412
44429
44446
44463
44479
44496
44512
44528
44544
44561
44577
44593
44609
44625
44641
44657
44674
44691
44707
44723
44739
44756
44772
44788
44805
44822
44839
44856
44873
44889
44906
44922
44938
44954
44970
44986
45002
45018
40061
40122
40138
40155
40171
40187
40203
40219
40235
40251
40268
40284
40301
40318
40335
40351
40367
40384
40400
40417
40433
40450
40467
40484
40501
40518
40535
40552
40568
40584
40600
40617
40633
40649
40666
40682
40698
40715
40731
40747
40763
40780
40797
40813
40829
40845
40861
40877
40893
40909
40925
40941
40957
40973
40989
41006
41022
41038
41055
41072
41088
41104
41121
41138
41154
41171
41188
41204
41221
41237
41254
41271
41287
41303
41320
41337
41354
41371
41388
41405
41422
41438
41455
41471
41488
41504
41520
41536
41553
41569
41585
41601
41617
41634
41650
41666
41682
41699
41715
41732
41748
41765
41782
41798
41815
41832
41848
41865
41881
41898
41915
41932
41948
41964
41980
41997
42013
42030
42046
42062
42079
42096
42112
42129
42146
42163
42179
42196
42213
42229
42246
42262
42278
42294
42310
42326
42343
42360
42376
42392
42408
42425
42442
42458
42475
42492
42508
42525
42542
42559
42576
42592
42609
42625
42641
42658
42674
42690
42707
42724
42741
42758
42774
42790
42807
42824
42840
42856
42873
42890
42906
42923
42940
42957
42974
42991
43007
43024
43040
43056
43073
43090
43107
43123
43140
43157
43174
43190
43206
43223
43240
43257
43274
43290
43307
43325
43342
43358
43375
43392
43409
43426
43443
43460
43477
43493
43509
43525
43541
43557
43573
43589
43605
43622
43639
43656
43673
43689
43705
43721
43738
43755
43771
43788
43804
43821
43837
43854
43871
43888
43904
43921
43937
43953
43969
43986
44002
44018
44034
44051
44067
44083
44100
44117
44133
44149
44165
44182
44198
44214
44231
44247
44263
44279
44295
44312
44328
44345
44362
44379
44395
44411
44427
44443
44459
44476
44493
44509
44525
44542
44558
44574
44591
44608
44625
44642
44659
44676
44693
44709
44725
44742
44758
44774
44790
44806
44823
44840
44856
44872
44888
44904
44921
44938
44955
44971
44987
45003
45019
45036
45053
40066
40110
40127
40144
40160
40177
40194
40211
40228
40245
40262
40279
40296
40313
40329
40346
40363
40379
40396
40412
40428
40445
40461
40477
40493
40510
40527
40544
40560
40577
40593
40609
40626
40643
40659
40676
40692
40708
40724
40740
40756
40773
40789
40805
40821
40838
40855
40872
40889
40905
40921
40938
40954
40970
40986
41003
41020
41037
41053
41069
41085
41101
41117
41134
41151
41168
41184
41201
41217
41233
41249
41265
41282
41298
40056
40094
40111
40127
40143
40159
40175
40192
40208
40225
40241
40258
40275
40291
40307
40324
40340
40357
40374
40390
40406
40423
40440
40456
40472
40489
40506
40523
40540
40556
40573
40590
40607
40624
40641
40658
40676
40692
40709
40726
40742
40759
40776
40793
40810
40826
40842
40858
40874
40891
40908
40924
40941
40958
40975
40991
41008
41025
41042
41059
41075
41091
41108
41125
41141
41157
41173
41189
41206
41223
41240
41257
41273
41289
41305
41322
41339
41355
41371
41388
41405
41422
41439
41456
41473
41490
41507
41523
41539
41556
41572
41589
41606
41622
41638
41655
41672
41688
41704
41720
41737
41753
41770
41786
41802
41818
41836
41853
41870
41886
41903
41920
41937
41954
41970
41986
42002
42019
42035
42051
42067
42083
42100
42117
42134
42151
42168
42184
42201
42217
42233
42249
42266
42282
42299
42316
42332
42348
42364
42381
42398
42415
42431
42447
42463
42480
42497
42514
42531
42548
42565
42581
42597
42614
42630
42647
42664
42680
42696
42713
42730
42746
42763
42780
42796
42813
42829
42846
42863
42879
42895
42912
42928
42944
42960
42976
42993
43009
43025
43043
43059
43075
43092
43109
43125
43142
43159
43175
43191
43208
43224
43240
43257
43273
43289
43306
43324
43341
43358
43375
43392
43409
43426
43443
43459
43476
43493
43509
43525
43541
43557
43573
43589
43605
43621
43637
43654
43670
43687
43704
43721
43737
43754
43770
43786
43802
43818
43835
43851
43867
43883
43899
43915
43932
43948
43964
43980
43996
44012
44028
44045
44061
44078
44094
44110
44126
44142
44159
44176
44193
44209
44227
44243
44260
44277
44294
44311
44328
44344
44360
44377
44394
44410
44426
44442
44459
44476
44493
44509
44525
44542
44558
44574
44590
44606
44622
44638
44654
44671
44688
44705
44722
44738
44754
44770
44786
44802
44819
44835
44851
44868
44884
44900
44917
44933
44949
44966
44983
45000
45017
45033
45050
