50214
50248
50282
50316
50350
50383
50417
50451
50484
50518
50552
50586
50620
50654
50687
50720
50754
50788
50821
50855
50889
50923
50957
50990
51023
51057
51090
51123
51156
51190
51224
51258
51292
51326
51360
51394
51427
51460
51493
51527
51561
51595
51629
51662
51695
51729
51763
51796
51829
51862
51896
51929
51963
51997
52031
52065
52098
52132
52165
52198
52231
52265
52299
52332
52365
52399
52432
52466
52499
52533
52566
52600
52634
52667
52701
52735
52769
52803
52836
52871
52904
52937
52970
53004
53037
53070
53103
53136
53169
53203
53237
53270
53303
53336
53369
53402
53435
53469
53503
53537
53570
53604
53637
53670
53704
53737
53770
53803
53837
53870
53903
53936
53970
54003
54036
54069
54103
54137
54170
54204
54237
54271
54304
54338
54371
54404
54438
54471
54504
54537
54570
54603
54637
54671
54705
54738
54772
54806
54840
54873
54906
54940
54973
55006
55039
55072
55106
55140
55173
55206
50325
50456
50590
50717
50854
50992
51131
51269
51408
50134
50239
50333
50427
50523
50634
50722
50812
50903
51025
51113
51204
51290
51379
51468
51573
51663
51754
51840
51929
52019
52102
52191
52279
52368
52467
52567
52655
52743
52828
52918
53011
53097
53185
53274
53366
53456
53575
53674
53779
53881
53985
54096
54240
54357
54473
54590
54704
54821
54934
55072
55190
50062
50079
50096
50113
50130
50146
50162
50179
50196
50212
50229
50246
50262
50279
50296
50312
50328
50344
50360
50376
50392
50408
50424
50440
50456
50473
50490
50506
50522
50538
50554
50570
50587
50603
50619
50635
50652
50669
50685
50701
50717
50733
50749
50765
50782
50798
50814
50831
50848
50865
50882
50898
50914
50930
50947
50963
50980
50996
51012
51028
51045
51062
51078
51094
51110
51127
51144
51161
51178
51194
51210
51227
51243
51260
51277
51294
51311
51328
51345
51362
51378
51395
51411
51427
51443
51459
51476
51493
51510
51527
51544
51561
51578
51595
51612
51629
51646
51663
51680
51696
51712
51729
51746
51763
51780
51796
51814
51831
51847
51864
51880
51897
51913
51929
51945
51962
51979
51996
52013
52030
52047
52063
52079
52096
52113
52129
52145
52162
52179
52196
52213
52229
52246
52263
52280
52297
52313
52329
52345
52362
52379
52395
52412
52429
52445
52462
52478
52494
52511
52527
52543
52559
52576
52593
52610
52627
52643
52660
52677
52693
52710
52727
52744
52761
52778
52795
52812
52828
52845
52861
52878
52894
52910
52927
52943
52959
52975
52992
53008
53025
53042
53058
53074
53090
53106
53123
53140
53157
53173
53190
53206
53223
53239
53256
53273
53290
53307
53324
53341
53358
53375
53392
53409
53426
53443
53461
53478
53494
53511
53527
53544
53561
53578
53594
53611
53627
53644
53660
53677
53693
53710
53726
53742
53759
53776
53792
53809
53826
53843
53859
53875
53892
53909
53926
53942
53959
53976
53992
54009
54026
54042
54059
54075
54092
54109
54126
54143
54160
54177
54194
54210
54227
54243
54260
54276
54292
54309
54326
54343
54360
54376
54393
54410
54427
54444
54460
54477
54494
54511
54528
54544
54560
54577
54593
54609
54625
54642
54659
54676
54693
54709
54726
54743
54759
54775
54791
54807
54823
54840
54856
54872
54889
54905
54921
54937
55042
55059
50096
50113
50130
50152
50169
50186
50203
50219
50236
50253
50270
50287
50304
50321
50338
50355
50371
50388
50404
50421
50438
50455
50472
50489
50506
50522
50539
50556
50572
50588
50605
50622
50639
50655
50672
50689
50706
50722
50738
50754
50771
50787
50803
50820
50837
50854
50871
50888
50905
50922
50939
50955
50971
50987
51004
51021
51038
51055
51071
51088
51105
51121
51137
51154
51171
51188
51204
51220
51236
51252
51269
51285
51302
51318
51335
51351
51368
51384
51401
51418
51434
51451
51467
51483
51499
51516
51533
51550
51567
51584
51601
51617
51633
51649
51666
51683
51700
51716
51732
51749
51766
51782
51799
51816
51832
51849
51865
51881
51897
51913
51930
51946
51963
51980
51997
52014
52030
52047
52064
52080
52096
52112
52129
52146
52163
52179
52196
52212
52228
52245
52261
52278
52294
52310
52327
52343
52359
52375
52392
52408
52425
52442
52458
52475
52491
52507
52523
52540
52556
52573
52590
52606
52623
52639
52656
52672
52689
52705
52722
52739
52755
52771
52788
52805
52822
52838
52855
52871
52888
52905
52921
52937
52954
52970
52986
53002
53019
53035
53051
53067
53083
53100
53116
53132
53148
53165
53182
53199
53215
53231
53248
53265
53282
53298
53315
53332
53348
53364
53381
53397
53413
53429
53446
53463
53480
53496
53513
53530
53546
53563
53579
53596
53613
53629
53645
53662
53678
53694
53711
53727
53744
53761
53777
53794
53811
53827
53844
53860
53876
53893
53910
53927
53944
53960
53976
53993
54010
54026
54043
54060
54076
54093
54109
54125
54142
54158
54175
54191
54207
54224
54241
54258
54274
54290
54306
54322
54339
54355
54372
54389
54405
54421
54437
54454
54471
54487
54504
54520
54537
54554
54571
54587
54604
54620
54636
54652
54669
54686
54703
54720
54736
54753
54770
54786
54802
54819
54835
54851
54868
54884
54900
54916
54932
54948
54965
54982
54999
55015
55032
55049
55066
55082
50115
50213
50303
50396
50488
50582
50666
50766
50858
50946
51030
51120
51218
51312
51412
51516
51623
51724
51832
51923
52007
52084
52162
50081
50097
50113
50129
50146
50163
50180
50197
50214
50231
50248
50265
50282
50298
50315
50332
50349
50365
50381
50398
50415
50432
50448
50465
50481
50497
50513
50530
50547
50564
50581
50597
50613
50631
50648
50665
50681
50697
50713
50730
50747
50763
50779
50796
50812
50829
50845
50861
50877
50893
50909
50925
50942
50959
50976
50992
51009
51026
51042
51059
51076
51093
51109
51125
51142
51159
51176
51193
51209
51225
51242
51259
51276
51293
51310
51327
51344
51360
51377
51394
51411
51428
51445
51462
51479
51495
51512
51529
51545
51562
51578
51594
51610
51627
51643
51659
51675
51691
51708
51724
51741
51758
51774
51791
51808
51825
51841
51858
51875
51891
51907
51923
51940
51956
51972
51988
52005
52022
52038
52055
52072
52088
52104
52120
52136
52153
52170
52186
52203
52219
52235
52251
52268
52285
52301
52317
52334
52350
52366
52382
52398
52414
52431
52447
52463
52480
52496
52513
52530
52546
52562
52579
52595
52612
52629
52646
52663
52679
52695
52711
52727
52743
52759
52775
52791
52808
52824
52841
52858
52874
52890
52906
52922
52938
52954
52970
52986
53002
53019
53036
53053
53069
53085
53101
53118
53134
53151
53168
53185
53201
53217
53233
53250
53266
53283
53299
53315
53331
53348
53365
53382
53398
53414
53431
53447
53464
53481
53498
53515
53532
53549
53566
53582
53599
53615
53631
53647
53664
53680
53697
53713
53729
53745
53761
53778
53795
53811
53827
53843
53860
53876
53892
53909
53926
53943
53959
53975
53991
54007
54023
54040
54056
54073
54090
54106
54123
54140
54156
54172
54189
54205
54221
54237
54253
54269
54286
54303
54320
54336
54352
54369
54385
54402
54418
54435
54452
54469
54485
54501
54519
54535
54552
54568
54584
54600
54616
54632
54648
54664
54680
54696
54712
54728
54744
54761
54777
54793
54810
54827
54844
54861
54877
54893
54910
54928
54944
54961
54978
54994
55010
55027
55044
55061
55078
50041
50058
50075
50091
50107
50124
50140
50156
50172
50189
50205
50221
50237
50253
50269
50285
50301
50318
50335
50352
50369
50385
50401
50418
50434
50451
50467
50483
50500
50517
50534
50551
50568
50585
50602
50619
50636
50652
50668
50685
50701
50717
50734
50751
50767
50783
50799
50815
50832
50849
50865
50881
50898
50914
50931
50948
50964
50981
50997
51014
51030
51047
51064
51081
51097
51114
51131
51147
51163
51180
51196
51212
51228
51245
51261
51278
51295
51311
51327
51344
51360
51376
51392
51408
51425
51441
51457
51473
51490
51506
51522
51539
51555
51571
51588
51605
51621
51637
51653
51670
51686
51703
51719
51735
51751
51768
51784
51801
51818
51834
51851
51868
51884
51900
51916
51932
51949
51966
51983
51999
52016
52032
52048
52064
52080
52097
52113
52130
52146
52163
52180
52196
52213
52230
52246
52262
52278
52294
52311
52327
52343
52359
52376
52392
52409
52425
52442
52458
52475
52492
52508
52524
52541
52557
52574
52591
52608
52624
52640
52657
52675
52692
52709
52725
52741
52758
52774
52791
52807
52823
52839
52855
52872
52888
52904
52921
52938
52954
52971
52988
53005
53022
53038
53054
53070
53086
53103
53119
53136
53153
53170
53187
53204
53221
53238
53254
53271
53288
53304
53320
53337
53354
53370
53387
53404
53421
53437
53453
53469
53485
53501
53518
53535
53552
53568
53585
53601
53617
53634
53651
53667
53684
53700
53717
53734
53751
53767
53783
53800
53816
53832
53848
53865
53881
53897
53914
53931
53947
53963
53979
53995
54011
54028
54044
54060
54076
54093
54110
54127
54143
54160
54177
54193
54210
54226
54243
54259
54275
54292
54308
54325
54342
54358
54375
54391
54408
54425
54442
54459
54475
54492
54509
54526
54543
54560
54577
54594
54612
54629
54645
54662
54679
54695
54712
54729
54746
54763
54779
54796
54813
54829
54845
54861
54877
54894
54911
54928
54945
54962
54979
54996
55013
55030
50070
50106
50123
50139
50155
50172
50189
50206
50222
50239
50256
50273
50289
50305
50322
50339
50356
50373
50390
50407
50423
50439
50455
50472
50489
50506
50523
50539
50556
50573
50589
50606
50622
50638
50654
50671
50688
50705
50721
50738
50754
50770
50787
50804
50821
50837
50853
50870
50887
50903
50919
50936
50953
50970
50987
51003
51019
51036
51053
51069
51086
51103
51120
51136
51153
51170
51186
51202
51219
51235
51251
51267
51284
51300
51317
51334
51350
51367
51383
51400
51416
51432
51449
51465
51481
51498
51514
51530
51547
51563
51580
51597
51614
51630
51647
51664
51680
51697
51713
51730
51747
51764
51781
51798
51814
51831
51847
51863
51879
51896
51912
51928
51945
51962
51978
51995
52012
52028
52044
52061
52077
52094
52110
52127
52144
52161
52178
52194
52211
52227
52244
52260
52276
52293
52309
52326
52343
52359
52376
52392
52408
52425
52441
52458
52474
52490
52507
52524
52540
52556
52573
52590
52606
52623
52639
52655
52672
52689
52706
52722
52738
52754
52771
52788
52805
52821
52837
52854
52870
52886
52902
52918
52934
52951
52968
52985
53002
53019
53036
53053
53070
53086
53102
53118
53134
53150
53166
53182
53199
53215
53232
53248
53265
53281
53298
53315
53331
53348
53364
53380
53396
53413
53430
53447
53463
53480
53496
53512
53528
53544
53561
53577
53594
53611
53627
53644
53660
53677
53694
53710
53727
53744
53761
53777
53794
53811
53828
53844
53861
53877
53893
53910
53926
53942
53959
53975
53991
54007
54023
54040
54056
54072
54088
54105
54121
54138
54155
54172
54188
54205
54222
54238
54255
54272
54288
54304
54322
54339
54355
54372
54388
54405
54422
54439
54455
54471
54488
54505
54522
54539
54555
54572
54588
54605
54622
54639
54655
54671
54687
54703
54719
54736
54752
54769
54785
54801
54817
54833
54850
54866
54883
54899
54915
54932
54949
54966
54983
55000
55016
55033
55049
55065
