2023-04-23 18:43:02.537731
0
16
32
48
65
82
99
116
132
148
165
182
198
214
230
246
263
280
296
313
330
346
363
380
396
412
429
445
461
478
494
511
528
544
560
576
593
609
626
642
659
675
691
707
724
740
756
773
790
806
823
840
857
874
891
908
925
941
957
973
989
1005
1021
1037
1053
1069
1085
1102
1118
1135
1152
1168
1185
1201
1217
1234
1251
1268
1284
1300
1316
1333
1349
1365
1382
1398
1414
1431
1447
1463
1479
1496
1513
1529
1545
1562
1578
1595
1612
1629
1645
1662
1679
1696
1713
1730
1746
1763
1779
1795
1811
1827
1843
1860
1877
1894
1911
1928
1945
1961
1977
1993
2010
2027
2043
2059
2075
2092
2108
2125
2142
2158
2174
2191
2208
2224
2240
2256
2273
2290
2306
2323
2340
2357
2373
2389
2405
2422
2438
2455
2472
2488
2504
2521
2538
2555
2571
2588
2605
2622
2639
2656
2673
2689
2706
2723
2739
2756
2772
2788
2805
2822
2838
2855
2872
2889
2906
2922
2938
2954
2971
2988
3004
3021
3038
3055
3072
3088
3105
3121
3138
3154
3171
3187
3203
3220
3236
3253
3270
3286
3302
3319
3336
3352
3369
3385
3402
3418
3434
3451
3468
3484
3500
3516
3532
3549
3565
3581
3597
3614
3631
3647
3663
3680
3697
3713
3729
3746
3763
3780
3797
3813
3830
3846
3863
3879
3896
3912
3928
3944
3961
3978
3994
4011
4028
4044
4061
4078
4094
4111
4127
4143
4160
4177
4193
4210
4226
4242
4259
4276
4292
4309
4326
4343
4360
4377
4393
4410
4426
4443
4460
4477
4494
4511
4528
4544
4560
4576
4592
4609
4626
4642
4659
4675
4692
4709
4726
4742
4758
4775
4792
4808
4825
4842
4858
4874
4891
4907
4923
4939
4955
4971
4988
