2023-04-23 17:00:55.155551
35053
35069
35086
35103
35119
35135
35151
35168
35185
35202
35218
35234
35250
35266
35283
35300
35316
35336
35353
35370
35387
35403
35420
35437
35454
35470
35486
35503
35519
35536
35552
35568
35585
35601
35617
35633
35649
35666
35683
35700
35717
35733
35749
35765
35782
35799
35815
35831
35847
35864
35881
35898
35914
35930
35947
35964
35980
35996
36012
36029
36046
36063
36080
36097
36114
36131
36147
36164
36181
36197
36213
36230
36246
36262
36279
36296
36313
36330
36346
36363
36380
36396
36412
36429
36446
36463
36480
36496
36512
36529
36545
36561
36577
36594
36611
36628
36645
36661
36677
36693
36709
36725
36741
36758
36775
36791
36807
36824
36840
36857
36874
36890
36907
36924
36940
36956
36973
36989
37006
37023
37040
37057
37074
37091
37107
37123
37140
37157
37174
37191
37207
37223
37240
37257
37274
37290
37306
37322
37338
37354
37370
37387
37403
37420
37436
37452
37469
37485
37502
37519
37535
37551
37568
37585
37601
37617
37633
37650
37666
37682
37699
37716
37733
37750
37766
37782
37798
37814
37830
37847
37863
37880
37896
37913
37929
37946
37963
37980
37997
38014
38031
38047
38064
38080
38097
38114
38130
38146
38162
38179
38196
38212
38228
38244
38260
38276
38292
38309
38326
38343
38359
38376
38393
38409
38425
38442
38459
38476
38492
38508
38524
38540
38557
38574
38591
38608
38625
38642
38659
38676
38692
38709
38726
38742
38759
38776
38792
38809
38825
38841
38857
38873
38890
38906
38923
38940
38957
38973
38990
39006
39022
39039
39056
39073
39090
39106
39123
39140
39156
39172
39189
39206
39222
39239
39256
39272
39289
39306
39322
39339
39356
39373
39390
39407
39424
39440
39456
39473
39490
39506
39522
39539
39555
39571
39587
39603
39619
39636
39652
39668
39684
39701
39718
39735
39752
39769
39785
39801
39817
39833
39850
39866
39883
39899
39916
39933
39949
39965
39982
39999
40015
40032
40048
