95139
95208
95225
95242
95258
95275
95292
95309
95325
95342
95358
95374
95390
95407
95423
95439
95455
95472
95488
95504
95520
95536
95553
95569
95586
95603
95619
95636
95653
95670
95687
95703
95719
95735
95751
95767
95783
95800
95816
95833
95849
95865
95882
95898
95914
95930
95946
95962
95978
95995
96011
96029
96045
96062
96078
96095
96111
96127
96144
96161
96177
96193
96209
96226
96243
96259
96275
96292
96309
96325
96342
96359
96376
96392
96408
96425
96442
96459
96476
96492
96509
96526
96542
96558
96574
96590
96606
96622
96638
96654
96671
96687
96704
96720
96736
96753
96769
96785
96802
96819
96836
96853
96870
96887
96904
96921
96938
96955
96972
96988
97004
97020
97037
97053
97070
97086
97102
97118
97134
97150
97167
97183
97200
97217
97233
97249
97266
97282
97298
97315
97332
97349
97365
97381
97397
97413
97430
97446
97462
97478
97494
97511
97527
97544
97560
97576
97592
97609
97626
97643
97660
97677
97693
97709
97726
97743
97760
97776
97793
97809
97826
97843
97859
97875
97891
97907
97923
97939
97956
97972
97989
98006
98023
98040
98056
98072
98089
98106
98122
98139
98155
98172
98188
98204
98221
98237
98253
98269
98286
98302
98318
98335
98351
98367
98384
98401
98418
98434
98450
98467
98483
98499
98516
98532
98548
98565
98582
98599
98616
98632
98649
98665
98682
98698
98715
98731
98747
98763
98780
98796
98812
98829
98845
98861
98877
98893
98910
98926
98942
98958
98974
98991
99007
99023
99039
99056
99072
99089
99105
99121
99138
99155
99171
99187
99203
99220
99237
99253
99269
99286
99303
99319
99336
99353
99369
99386
99403
99420
99437
99454
99471
99487
99504
99520
99536
99553
99569
99585
99601
99618
99635
99652
99669
99685
99702
99718
99734
99751
99767
99784
99800
99817
99834
99850
99866
99883
99900
99917
99934
99950
99966
99983
100000
100016
100032
100049
100066
100082
100099
100115
100131
