45193
45227
45260
45294
45327
45361
45394
45427
45462
45495
45529
45562
45596
45629
45662
45695
45729
45763
45797
45831
45865
45898
45931
45964
45998
46032
46066
46100
46134
46167
46200
46233
46266
46299
46333
46366
46399
46433
46466
46499
46532
46566
46600
46634
46667
46701
46735
46768
46802
46835
46869
46903
46936
46969
47002
47036
47070
47103
47136
47170
47203
47237
47271
47305
47338
47371
47405
47438
47472
47506
47539
47572
47606
47639
47672
47706
47739
47772
47805
47838
47871
47904
47937
47971
48005
48039
48072
48105
48138
48171
48205
48239
48273
48306
48340
48374
48408
48441
48474
48507
48540
48573
48606
48639
48672
48705
48739
48772
48806
48839
48873
48907
48941
48974
49007
49041
49074
49108
49142
49175
49208
49242
49276
49310
49343
49376
49409
49442
49475
49509
49543
49576
49610
49644
49677
49711
49744
49777
49811
49845
49879
49913
49946
49980
50013
50047
50080
50113
50146
50180
45244
45357
45468
45577
45687
45803
45921
46040
46160
46279
46397
46518
46630
46751
46864
46978
47093
47203
47319
47430
47546
47665
47784
47902
48010
48119
48233
48345
48496
48618
48739
48860
48986
49119
49247
49380
49517
49656
49802
49935
50084
50205
45105
45185
45261
45341
45418
45499
45576
45659
45740
45819
45898
45976
46048
46120
46193
46277
46349
46428
46511
46622
46701
46788
46869
46950
47035
47148
47234
47321
47403
47481
47562
47650
47730
47812
47897
47979
48085
48176
48262
48341
48421
48501
48583
48676
48756
48840
48923
49007
49090
49167
49253
49333
49412
49489
49565
49642
49719
49808
49888
49970
50050
45174
45245
45313
45381
45449
45519
45589
45665
45732
45798
45862
45923
45987
46059
46145
46210
46274
46338
46407
46491
46564
46634
46699
46763
46833
46932
47002
47073
47144
47214
47285
47357
47434
47504
47584
47663
47743
47825
47907
47987
48068
48149
48229
48330
48418
48503
48588
48674
48762
48849
48940
49022
49110
49197
49283
49366
49447
49527
49612
49702
49789
49878
49967
50060
50148
45046
45062
45079
45096
45113
45129
45145
45162
45179
45195
45211
45227
45244
45261
45278
45295
45311
45328
45344
45361
45378
45395
45412
45429
45446
45463
45479
45495
45512
45529
45546
45562
45578
45595
45611
45628
45645
45661
45677
45694
45710
45727
45743
45759
45775
45791
45808
45825
45842
45859
45875
45891
45907
45923
45940
45957
45974
45991
46007
46024
46041
46058
46075
46092
46108
46125
46142
46159
46176
46193
46210
46227
46244
46261
46278
46295
46312
46328
46345
46362
46379
46396
46412
45059
45076
45093
45110
45126
45143
45160
45177
45194
45210
45227
45244
45261
45278
45295
45312
45329
45345
45362
45379
45396
45413
45430
45447
45464
45481
45498
45515
45532
45549
45566
45583
45600
45616
45633
45650
45667
45684
45701
45718
45735
45752
45768
45785
45801
45817
45833
45849
45866
45883
45899
45915
45931
45947
45963
45979
45995
46011
46028
46044
46061
46078
46095
46112
46129
46145
46162
46179
46196
46213
46230
46247
46263
46280
46296
46312
46328
46344
46360
46376
46392
46408
46424
46441
46458
46474
46490
46506
46523
46539
46555
46571
46587
46604
46620
46636
46653
46669
46685
46701
46717
46733
46749
46766
46783
46799
46815
46831
46847
46864
46881
46897
46913
46929
46945
46961
46978
46994
47010
47027
47043
47060
47076
47093
47110
47127
47143
47159
47175
47192
47209
47226
47242
47258
47275
47291
47307
47324
47341
47357
47374
47390
47406
47422
47438
47455
47471
47487
47503
47519
47536
47553
47569
47586
47602
47619
47635
47651
47667
47683
47700
47716
47733
47750
47766
47783
47799
47815
47831
47847
47863
47880
47896
47912
47928
47945
47962
47979
47995
48012
48029
48045
48062
48079
48096
48112
48128
48145
48162
48179
48196
48213
48229
48245
48262
48279
48295
48312
48329
48346
48363
48379
48395
48411
48428
48444
48460
48477
48494
48510
48526
48543
48560
48577
48593
48610
48626
48643
48660
48676
48693
48710
48726
48742
48758
48774
48791
48807
48824
48840
48857
48874
48891
48907
48923
48940
48956
48972
48989
49005
49021
49037
49053
49070
49087
49104
49120
49137
49154
49170
49186
49203
49220
49236
49253
49269
49286
49302
49318
49335
49352
49368
49385
49402
49418
49435
49452
49468
49485
49502
49518
49534
49551
49567
49583
49600
49616
49632
49649
49666
49683
49700
49717
49734
49751
49768
49785
49801
49818
49834
49850
49866
49882
49898
49914
49931
49948
49965
49981
49997
50014
50030
50046
45088
45104
45120
45137
45153
45170
45186
45203
45220
45237
45254
45271
45288
45304
45321
45337
45354
45371
45387
45403
45419
45436
45452
45468
45484
45501
45518
45535
45552
45569
45585
45601
45617
45633
45649
45665
45682
45699
45716
45733
45750
45767
45784
45800
45816
45833
45849
45866
45882
45899
45915
45932
45948
45964
45981
45998
46015
46032
46049
46066
46082
46098
46115
46132
46148
46164
46180
46196
46212
46229
46246
46263
46280
46297
46314
46331
46348
46365
46382
46399
46415
46432
46449
46466
46482
46499
46515
46531
46547
46564
46581
46598
46614
46630
46646
46663
46680
46696
46712
46728
46745
46762
46779
46795
46811
46828
46845
46862
46879
46896
46913
46930
46947
46964
46981
46998
47015
47032
47048
47065
47082
47099
47115
47132
47149
47166
47182
47198
47216
47232
47249
47265
47281
47297
47313
47329
47345
47361
47377
47393
47410
47426
47442
47458
47474
47491
47507
47523
47539
47556
47573
47590
47606
47622
47638
47654
47670
47687
47703
47720
47736
47752
47769
47785
47801
47817
47833
47849
47865
47882
47898
47914
47930
47947
47964
47981
47997
48013
48029
48045
48061
48078
48095
48111
48128
48145
48161
48178
48194
48210
48226
48242
48258
48275
48292
48309
48326
48343
48359
48376
48393
48409
48425
48442
48458
48474
48490
48506
48522
48539
48555
48571
48588
48604
48621
48637
48653
48669
48686
48703
48719
48736
48752
48769
48785
48801
48818
48835
48851
48867
48884
48901
48917
48934
48950
48966
48983
49000
49017
49034
49051
49068
49085
49102
49118
49134
49150
49167
49184
49200
49216
49233
49249
49266
49283
49300
49317
49333
49350
49366
49383
49399
49416
49433
49450
49466
49483
49499
49516
49533
49549
49565
49581
49598
49614
49631
49647
49664
49681
49698
49715
49731
49747
49764
49780
49796
49813
49830
49846
49863
49879
49896
49912
49929
49946
49963
49980
49996
50013
50030
50047
50064
50080
45062
45117
45172
45228
45289
45353
45441
45508
45579
45645
45710
45773
45837
45899
45960
46022
46084
46150
46213
46276
46340
46403
46461
46522
46581
46640
46698
46756
46816
46877
46952
47010
47069
47128
47186
47245
47303
47363
47420
47478
47543
47608
47676
47749
47821
47893
47970
48038
48111
48181
48258
48334
48415
48493
48579
48664
48757
48849
48942
49053
49155
49244
49332
49418
49504
49590
49686
49773
49859
49943
50029
45065
45082
45098
45114
45131
45147
45164
45181
45198
45215
45232
45249
45266
45282
45298
45315
45331
45348
45365
45381
45398
45415
45431
45447
45464
45480
45496
45512
45528
45544
45561
45578
45595
45611
45628
45644
45660
45677
45694
45711
45728
45744
45760
45777
45794
45810
45826
45843
45859
45875
45891
45908
45925
45942
45959
45976
45992
46008
46024
46041
46058
46074
46090
46106
46122
46138
46154
46170
46186
46203
46220
46236
46253
46270
46286
46303
46319
46335
46352
46368
46385
46402
46418
46435
46452
46469
46486
46503
46520
46537
46553
46569
46586
46602
46619
46636
46653
46670
46687
46704
46721
46737
46754
46771
46787
46804
46821
46837
46854
46871
46887
46903
46920
46936
46953
46969
46985
47002
47018
47035
47052
47068
47085
47102
47119
47135
47152
47168
47185
47202
47219
47236
47253
47270
47286
47302
47318
47335
47351
47367
47383
47400
47417
47433
47450
47466
47482
47499
47515
47531
47548
47565
47581
47598
47615
47632
47648
47664
47680
47697
47713
47730
47746
47763
47780
47797
47813
47830
47846
47863
47879
47895
47912
47929
47946
47962
47978
47994
48011
48027
48044
48060
48076
48093
48109
48125
48141
48158
48175
48191
48208
48224
48241
48257
48273
48290
48307
48324
48341
48357
48374
48391
48408
48425
48442
48459
48476
48492
48509
48525
48542
48558
48574
48591
48607
48623
48639
48655
48672
48688
48705
48722
48739
48756
48773
48789
48805
48821
48837
48854
48870
48887
48904
48920
48937
48953
48969
48985
49002
49018
49034
49050
49067
49083
49099
49116
49133
49149
49165
49182
49198
49215
49232
49249
49266
49282
49299
49316
49333
49349
49366
49383
49399
49416
49432
49448
49465
49481
49497
49513
49530
49546
49563
49580
49597
49614
49631
49648
49665
49682
49698
49715
49731
49747
49763
49779
49795
49811
49828
49845
49862
49879
49896
49912
49929
49946
49963
49980
49998
50014
50030
50047
50064
45062
45079
45095
45111
45127
45144
45161
45177
45194
45210
45226
45242
45258
45275
45291
45307
45324
45341
45358
45375
45392
45408
45424
45440
45457
45474
45491
45508
45525
45541
45558
45575
45592
45608
45625
45642
45659
45675
45692
45709
45726
45742
45759
45776
45793
45810
45826
45843
45860
45877
45894
45910
45926
45942
45958
45974
45990
46006
46022
46038
46054
46070
46087
46104
46121
46138
46155
46172
46189
46205
46222
46239
46256
46273
46289
46305
46322
46339
46356
46373
46390
46407
46424
46441
46457
46473
46490
46506
46523
46539
46556
46573
46589
46606
46622
46638
46654
46670
46687
46703
46720
46737
46753
46769
46785
46801
46817
46834
46850
46866
46883
46900
46916
46932
46949
46966
46983
47000
47016
47033
47049
47066
47082
47098
47114
47131
47147
47163
47180
47197
47214
47230
47247
47264
47280
47297
47314
47331
47347
47363
47380
47397
47413
47429
47445
47461
47478
47494
47510
47527
47543
47560
47576
47592
47609
47625
47641
47658
47675
47691
47708
47725
47742
47759
47776
47793
47810
47827
47843
47860
47876
47892
47908
47925
47942
47959
47975
47991
48007
48023
48040
48056
48072
48089
48105
48122
48139
48155
48172
48189
48206
48223
48239
48256
48273
48289
48305
48321
48338
48354
48371
48388
48405
48422
48438
48455
48471
48488
48505
48522
48539
48556
48573
48590
48607
48623
48640
48657
48673
48689
48705
48722
48738
48754
48770
48787
48803
48819
48836
48852
48869
48886
48902
48919
48936
48953
48970
48987
49004
49021
49038
49055
49072
49089
49106
49122
45034
45050
45066
45082
45098
45114
45131
45147
45163
45179
45195
45212
45229
45246
45262
45279
45295
45311
45328
45344
45361
45378
45395
45411
45428
45445
45461
45477
45494
45510
45526
45542
45559
45575
45592
45609
45626
45643
45660
45677
45694
45710
45726
45742
45758
45775
45792
45808
45824
45841
45858
45874
45891
45907
45924
45941
45958
45974
45991
46007
46024
46041
46057
46074
46091
46108
46124
46140
46156
46172
46189
46206
46222
46239
46256
46273
46289
46306
46323
46339
46355
46371
46388
46404
46421
46438
46454
46471
46487
46503
46519
46537
46554
46570
46586
46603
46619
46636
46653
46670
46686
46703
46720
46736
46752
46768
46785
46801
46817
46834
46851
46868
46885
46902
46919
46935
46951
46968
46985
47002
47019
47036
47053
47069
47086
47103
47120
47137
47153
47170
47187
47204
47221
47237
47253
47270
47287
47303
47319
47335
47351
47368
47384
47400
47417
47434
47450
47466
47483
47499
47516
47532
47549
47566
47582
47599
47615
47631
47648
47664
47680
47697
47713
47730
47747
47763
47779
47795
47811
47828
47845
47862
47878
47894
47910
47927
47944
47962
47979
47996
48013
48030
48046
48063
48080
48096
48112
48128
48144
48161
48178
48194
48210
48226
48242
48258
48275
48291
48308
48325
48342
48358
48374
48391
48408
48424
48441
48458
48475
48491
48507
48523
48540
48557
48574
48591
48607
48623
48639
48655
48672
48689
48705
48722
48739
48756
48773
48790
48806
48823
48840
48856
48873
48889
48905
48921
48938
48954
48970
48987
49003
49019
49035
49051
49068
49084
49100
49117
49133
49149
49166
49183
49200
49217
49233
49250
49266
49282
49298
49315
49332
49349
49366
49383
49399
49415
49432
49448
49465
49482
49498
49514
49531
49548
49565
49581
49597
49614
49630
49647
49663
49680
49697
49713
49730
49746
49763
49779
49795
49812
49828
49844
49860
49877
49893
49909
49925
49942
49958
49974
49991
50008
50025
45070
45125
45141
45158
45174
45191
45208
45225
45242
45259
45275
45292
45308
45324
45341
45357
45374
45391
45407
45425
45441
45457
45474
45490
45506
45522
45539
45556
45573
45590
45608
45625
45641
45658
45674
45691
45707
45723
45739
45755
45772
45789
45805
45821
45838
45855
45872
45889
45905
45921
45937
45953
45969
45985
46002
46018
46034
46050
46067
46084
46101
46117
46134
46150
46167
46184
46200
46217
46233
46249
46265
46282
46298
46315
46332
46348
46365
46382
46399
46416
46433
46449
46465
46482
46498
46514
46531
46547
46563
46580
46596
46613
46629
46646
46662
46678
46694
46710
46726
46743
46760
46777
46794
46811
46829
46846
46863
46879
46895
46911
46927
46944
46960
46976
46993
47009
47026
47043
47059
47075
47091
47107
47123
47139
47156
47173
47189
47205
47221
47237
47253
47269
47285
47302
47318
47334
47351
47367
47384
47400
47416
47432
47448
47464
47481
47497
47514
47531
47547
47564
47580
47597
47614
47631
47647
47664
47680
47696
47712
47728
47744
47761
47778
47795
47812
47829
47846
47863
47880
47897
47914
47930
47947
47963
47980
47997
48013
48030
48046
48062
48079
48096
48113
48130
48146
48163
48179
48195
48212
48228
48245
48261
48277
48293
48309
48326
48343
48360
48376
48392
48409
48425
48442
48458
48474
48490
48506
48524
48541
48558
48574
48590
48606
48623
48640
48656
48673
48689
48706
48723
48739
48755
48772
48788
48804
48820
48836
48853
48870
48886
48902
48918
48934
48950
48967
48984
49000
49016
49032
49049
49065
49081
49097
49113
49130
49146
49163
49179
49196
49213
49229
49245
49261
49277
49294
49310
49327
49343
49359
49375
49392
49409
49426
49442
49459
49475
49491
49507
49523
49539
49555
49572
49588
49605
49622
49639
49656
49673
49690
49707
49724
49740
49756
49772
49789
49806
49823
49839
49855
49871
49887
49904
49920
49936
49953
49969
49986
50003
50020
50037
50054
