9995
10028
10061
10095
10129
10163
10197
10231
10265
10298
10331
10364
10398
10432
10466
10499
10532
10566
10600
10634
10668
10701
10734
10767
10800
10833
10867
10900
10933
10966
11000
11033
11066
11100
11134
11167
11200
11234
11268
11302
11336
11370
11404
11438
11471
11505
11538
11572
11605
11638
11672
11705
11739
11772
11806
11839
11872
11906
11940
11973
12006
12040
12074
12108
12141
12176
12210
12243
12277
12310
12343
12377
12410
12444
12477
12510
12544
12578
12612
12646
12680
12713
12746
12780
12813
12847
12880
12913
12947
12981
13015
13049
13082
13115
13149
13182
13216
13251
13284
13318
10036
10069
10102
10135
10168
10202
10236
10270
10304
10338
10372
10405
10438
10472
10506
10539
10573
10606
10639
10673
10707
10741
10775
10808
10841
10874
10908
10941
10974
11008
11041
11075
11109
11143
11177
11210
11244
11278
11312
11345
11379
11413
11446
11479
11513
11546
11579
11612
11646
11679
11713
11747
11781
11814
11847
11881
11914
11948
11981
12015
12048
12081
12115
12149
12183
12216
12249
12283
12317
12350
12384
12418
12451
12484
12518
12551
12585
12619
12653
12686
12719
12752
12786
12819
12853
12887
12920
12954
12988
13021
13054
13088
13121
13155
13188
13222
13256
13290
13323
13357
13391
13425
13459
13493
13527
13561
13595
13629
13662
13696
13730
13764
13797
13830
13864
13897
13931
13965
13998
14032
14066
14100
14133
14167
14201
14235
14269
14304
14337
14370
14403
14437
14470
14503
14536
14570
14603
14637
14670
14704
14738
14772
14806
14839
14872
14906
14940
14973
15006
10035
10068
10102
10135
10169
10203
10237
10270
10304
10337
10371
10405
10438
10472
10506
10540
10574
10607
10640
10674
10707
10741
10774
10808
10842
10876
10909
10943
10977
11011
11044
11077
11111
11144
11178
11211
11245
11279
11312
11345
11378
11411
11444
11477
11510
11543
11577
11610
11644
11678
11711
11744
11777
11811
11844
11877
11911
11944
11978
12012
12045
12079
12113
12147
12181
12215
12249
12283
12317
12350
12384
12417
12451
12484
12519
12553
12587
12620
12654
12687
12721
12754
12787
12820
12853
10715
10749
10783
10817
10850
10884
10918
10952
10985
11018
11051
11084
11117
11151
11185
11219
11253
11287
11321
11355
11389
11422
11456
11490
11524
11558
11592
11626
11660
11694
11728
11762
11796
11829
11863
11896
11930
11964
11997
12031
12065
12099
12132
12166
12200
12234
12267
12300
12333
12367
12401
12434
12467
12501
12534
12567
12601
12634
12667
12700
12734
12768
12802
12835
12868
12901
12935
12969
13003
13037
13071
13105
13138
13171
13205
13238
13272
13306
13340
13373
13407
13440
13474
13507
13540
13574
13608
13641
13675
13709
13743
13776
13809
13843
13876
13910
13944
13978
14011
14045
14079
14112
14145
14179
14212
14245
14278
14312
14346
14381
14414
14448
14481
14515
14549
14582
14616
14650
14683
14716
14750
14783
14816
14850
14883
14917
14951
14984
15018
15052
15086
15119
15153
15186
15219
15253
15286
15319
15353
15386
15419
15452
15486
15520
15553
15586
15619
15653
15686
10049
10082
10115
10149
10675
10709
10742
10776
10810
10844
10877
10911
10944
10978
11011
11044
11077
11110
11144
11178
11211
11245
11278
12491
12524
12558
12591
12625
12658
12691
12724
12757
12790
12823
12856
12889
12922
12957
12991
13024
13057
13091
13124
13158
13192
13225
13259
13293
13326
13360
13393
13426
13460
13493
13526
13559
13592
13626
13659
13693
13726
13759
13792
13825
13858
13892
13925
13959
13992
14025
14059
14092
14125
14159
14193
14226
14259
14293
14327
14360
14393
14427
14461
14495
14528
14562
14595
14628
14662
14695
14729
14763
14797
14830
14863
14896
14930
14963
14997
15031
12553
12586
12619
12652
12686
12720
12753
12787
12821
12854
12887
12920
12954
12987
13021
13055
13088
13122
13155
13189
13223
13256
13289
13322
13355
13389
13423
13456
13489
13522
13555
13589
13623
13657
13690
13723
13757
13791
13825
13858
13891
13925
13959
13993
14026
14060
14094
14127
14161
14194
14227
14260
14293
14327
14360
14394
14428
14462
14496
14530
10048
10081
10114
10148
10182
10215
10248
10282
10316
10349
10382
10416
10450
10483
10517
10550
10583
10617
10651
10684
10718
10752
10785
10819
10853
10886
10919
10953
10986
11020
11053
11087
11120
11793
11826
11859
11893
11927
11960
11994
12027
12060
12094
12128
12162
12195
12228
12261
12294
12328
12361
12394
12428
12463
12497
12530
12563
12969
13003
13036
13069
13103
13136
13169
13203
13236
13271
13304
13338
13371
13405
13438
13472
13505
13539
13572
13606
13640
13674
13708
13741
13775
13808
13842
13875
13909
13943
13976
14010
14044
14078
14112
14146
14179
14213
14247
14281
14315
14348
14382
14416
14449
14483
14516
14550
14583
14617
14651
14684
14718
14751
14785
14818
14852
14886
14919
14953
14986
15019
10030
10063
10097
10131
10165
10198
10231
10265
10298
10331
10365
10398
10431
10465
10499
10533
10566
10600
10634
10668
10702
10736
10770
10804
10837
10871
10905
10938
10971
11005
11039
11073
11106
11140
11174
11207
11240
11273
11306
11339
11373
11406
11440
11473
11507
11541
11574
11608
11642
11675
11708
11742
11775
11809
11842
11876
11910
11944
11977
12010
12044
12077
12111
12144
12177
12210
12244
12278
12311
12349
12383
12417
12450
12484
12517
12551
12585
12619
12652
12685
12718
12751
12784
12817
12850
12884
12917
12950
12983
13017
13050
13083
13116
13149
13182
13215
13248
13281
13314
13348
13382
13415
13448
13481
13515
13548
13581
13614
13648
13682
13716
13750
13784
13817
13851
13884
13918
13952
13985
14019
14053
14086
14120
14154
14623
14656
14689
14723
14757
14790
14823
14857
14891
14925
14958
14992
15025
10028
10044
10060
10077
10093
10109
10125
10141
10158
10174
10190
10207
10223
10239
10255
10272
10288
10305
10322
10339
10356
10372
10388
10405
10422
10439
10456
10472
10489
10505
10521
10538
10555
10571
10587
10604
10621
10637
10655
10671
10688
10705
10721
10738
10755
10771
10788
10805
10822
10838
10855
10872
10889
10906
10923
10939
10955
10972
10988
11005
11021
11038
11055
11071
11088
11104
11121
11138
11155
11171
11188
11205
11221
11238
11255
11271
11288
11304
11320
11337
11354
11371
11388
11404
11421
11437
11453
11470
11487
11503
11520
11536
11552
11569
11585
11601
11617
11634
11650
11666
11682
11698
11714
11730
11747
11764
11781
11797
11813
11829
11846
11862
11879
11895
11912
11928
11944
11961
11977
11993
12010
12026
12043
12060
12076
12093
12110
12127
12144
12161
12178
12195
12212
12229
12245
12261
12277
12293
12310
12326
12342
12358
12375
12392
12408
12425
12442
12458
12474
12491
12508
12524
12540
12557
12574
12590
12607
12623
12639
12655
12671
12688
12705
12721
12737
12754
12771
12787
12803
12820
12836
12852
12868
12885
12902
12918
12934
12951
12968
12985
13002
13018
13034
13050
13066
13082
13099
13115
13131
13147
13163
13180
13197
13214
13231
13248
13265
13282
13299
13316
13333
13349
13366
13383
13400
13417
13434
13451
13468
13484
13501
13518
13534
13551
13568
13585
13601
13617
13633
13650
13667
13683
13700
13716
13733
13749
13766
13782
13799
13815
13832
13849
13865
13881
13897
13913
13930
13947
13964
13981
13998
14014
14031
14047
14063
14080
14097
14114
14131
14148
14165
14182
14198
14215
14232
14249
14266
14282
14298
14315
14331
14348
14364
14381
14398
14415
14432
14448
14465
14481
14497
14513
14530
14546
14562
14578
14594
14611
14627
14644
14661
14678
14695
14711
14727
14744
14761
14778
14795
14811
14827
14843
14860
14876
14892
14909
14925
14942
14958
14975
14991
15007
15024
10005
10022
10038
10054
10071
10087
10103
10119
10136
10153
10169
10185
10201
10217
10234
10250
10266
10282
10299
10315
10331
10349
10365
10381
10397
10413
10429
10445
10461
10477
10493
10509
10525
10541
10557
10573
10590
10606
10623
10639
10656
10673
10689
10706
10723
10739
10755
10771
10788
10805
10822
10838
10854
10871
10888
10905
10922
10939
10956
10972
10989
11005
11021
11037
11054
11070
11086
11102
11118
11135
11151
11168
11185
11201
11217
11233
11249
11265
11281
11298
11315
11331
11348
11365
11381
11397
11413
11429
11445
11461
11477
11494
11510
11526
11542
11559
11576
11593
11610
11626
11643
11659
11675
11691
11708
11725
11742
11758
11774
11791
11807
11824
11841
11857
11873
11889
11906
11923
11940
11957
11974
11991
12008
12025
12042
12059
12075
12091
12108
12124
12141
12157
12174
12191
12208
12225
12242
12259
12275
12291
12307
12324
12341
12358
12374
12390
12406
12423
12440
12456
12473
12490
12507
12524
12541
12557
12574
12590
12607
12624
12640
12656
12672
12689
12706
12723
12740
12757
12773
12789
12805
12821
12838
12855
12872
12889
12906
12923
12940
12957
12974
12991
13007
13024
13041
13057
13074
13091
13108
13125
13141
13157
13174
13190
13206
13222
13238
13255
13271
13288
13304
13321
13337
13353
13369
13385
13401
13418
13435
13451
13468
13484
13501
13518
13535
13552
13569
13586
13603
13620
13636
13653
13669
13686
13702
13718
13734
13751
13767
13784
13800
13817
13834
13851
13867
13884
13901
13917
13933
13949
13966
13982
13999
14016
14033
14049
14065
14081
14097
14113
14130
14147
14163
14180
14197
14214
14231
14248
14265
14282
14298
14315
14332
14348
14365
14382
14399
14415
14432
14449
14466
14483
14500
14517
14534
14551
14568
14585
14602
14619
14636
14652
14669
14685
14702
14719
14735
14751
14769
14786
14802
14818
14835
14851
14868
14884
14901
14917
14933
14949
14965
14982
14999
10023
10039
10055
10072
10088
10104
10120
10137
10154
10170
10186
10202
10219
10236
10252
10268
10285
10302
10319
10335
10351
10368
10385
10401
10418
10434
10450
10466
10482
10499
10515
10531
10547
10564
10580
10596
10613
10630
10647
10664
10681
10697
10714
10730
10747
10763
10780
10797
10813
10829
10845
10862
10878
10895
10912
10929
10945
10962
10978
10995
11012
11028
11045
11062
11078
11095
11112
11128
11145
11162
11178
11194
11210
11226
11242
11258
11275
11292
11309
11326
11343
11360
11377
11394
11410
11427
11444
11460
11476
11492
11509
11526
11543
11560
11576
11593
11610
11626
11643
11660
11676
11692
11708
11724
11741
11757
11774
11790
11807
11824
11840
11856
11873
11890
11907
11924
11941
11958
11975
11991
12007
12024
12041
12058
12075
12092
12109
12126
12143
12160
12177
12193
12210
12227
12244
12261
12277
12293
12310
12327
12343
12359
12376
12393
12410
12427
12444
12461
12477
12493
12509
12526
12542
12558
12574
12591
12607
12623
12639
12655
12671
12688
12704
12720
12736
12752
12769
12786
12803
12820
12837
12854
12871
12888
12905
12922
12938
12954
12970
12986
13002
13019
13035
13052
13068
13085
13102
13118
13134
13150
13166
13182
13198
13214
13231
13248
13264
13280
13296
13313
13329
13346
13363
13379
13396
13412
13429
13445
13462
13479
13496
13512
13529
13546
13562
13579
13596
13613
13630
13646
13662
13678
13695
13711
13727
13743
13759
13775
13791
13808
13824
13841
13857
13874
13890
13906
13923
13940
13957
10009
10025
10041
10062
10078
10094
10110
10129
10145
10161
10177
10193
10209
10231
10247
10263
10279
10295
10311
10327
10343
10359
10375
10392
10408
10424
10440
10457
10474
10490
10506
10522
10538
10554
10570
10587
10616
10633
10649
10665
10681
10713
10729
10745
10761
10777
10793
10810
10827
10843
10859
10876
10893
10910
10927
10944
10961
10977
10993
11009
11026
11042
11058
11074
11090
11106
11122
11138
11154
11171
11187
11203
11219
11235
11251
11267
11283
11299
11315
11331
11347
11363
11379
11395
11411
11427
11444
11460
11476
11493
11509
11525
11542
11559
11576
11593
11610
11627
11644
11661
11678
11695
11712
11729
11747
11764
11781
11798
11815
11831
11848
11865
11882
11899
11915
11932
11949
11965
11982
11999
12015
12031
12047
12063
12080
12097
12113
12130
12147
12164
12181
12198
12215
12231
12248
12265
12282
12310
12327
12343
12359
12376
12393
12410
12427
12444
12460
12477
12493
12509
12526
12542
12558
12574
12591
12607
12624
12641
12657
12674
12690
12707
12724
12741
12758
12775
12792
12808
12825
12842
12858
12875
12892
12909
12926
12942
12958
12974
12990
13006
13022
13039
13056
13073
10018
10044
10061
10077
10093
10110
10127
10144
10161
10177
10193
10211
10236
10253
10270
10287
10303
10319
10335
10351
10368
10385
10402
10419
10436
10453
10470
10486
10502
10519
10536
10553
10570
10587
10604
10621
10638
10655
10672
10689
10706
10723
10754
10772
10796
10815
10833
10855
10877
10897
10920
10943
10966
10988
11011
11034
11055
11077
11098
11118
11139
11162
11184
11237
11261
11285
11309
11331
11353
11377
11398
11419
11443
11466
11489
11512
11534
11556
11580
11602
11625
11648
11703
11725
11747
11770
11794
11816
11837
11860
11882
11905
11927
11945
11965
11984
12002
12020
12037
12054
12072
12093
12112
12131
12174
12199
12220
12238
12259
12278
12297
12317
12337
12357
12377
12396
12415
12433
12452
12471
12488
12506
12523
12541
12570
12593
12611
12631
12650
12670
12690
12711
12731
12751
12771
12794
12814
12836
12859
12880
12900
12920
12944
12964
12984
13005
13028
13078
13097
13130
13162
13181
13200
13220
13241
13266
13291
13316
13336
13360
13380
13400
13420
13439
13459
13478
13497
13517
13536
13568
13600
13621
13643
13662
13681
13701
13720
13738
13759
13777
13795
13813
13832
13851
13872
13893
13912
13930
13975
14000
14019
14039
14058
14078
14098
14117
14138
14158
14180
14202
14223
14245
14267
14291
14314
14337
14361
14410
14432
14455
14481
14506
14530
14554
14578
14601
14628
14653
14677
14697
14716
14737
14759
14783
14807
14862
14891
14914
14943
14966
14989
15012
10020
10037
10054
10070
10086
10102
10118
10134
10157
10177
10193
10209
10225
10241
10257
10273
10289
10305
10322
10339
10357
10374
10390
10407
10423
10440
10457
10473
10490
10507
10524
10553
10572
10589
10606
10622
10638
10654
10671
10687
10703
10719
10736
10752
10771
10787
10804
10821
10845
10862
10878
10894
10910
10926
10942
10971
10987
11003
11020
11036
11075
11092
11108
11124
11141
11158
11179
11196
11212
11228
11244
11261
11278
11295
11312
11328
11345
11362
11378
11395
11412
11428
11444
11460
11476
11492
11508
11524
11540
11557
11573
11589
11605
11621
11637
11653
11670
11687
11704
11722
11738
11755
11772
11788
11805
11822
11839
11855
11872
11889
11905
11921
11937
11954
11970
11986
12002
12018
12034
12051
12068
12084
12100
12117
12133
12149
12165
12181
12197
12214
12230
12246
12263
12279
12295
12311
12327
12343
12359
12375
12391
12407
12423
12439
12455
12471
12487
12503
12519
12535
12551
12567
12583
12599
12615
12631
12647
12663
12680
12696
12712
12728
12745
12761
12778
12795
12812
12829
12846
12863
12879
12896
12913
12929
12946
12963
12979
12996
13013
13030
13047
13064
13081
13098
13115
13132
13149
13165
13182
13199
13215
13236
13270
13286
13302
13318
13334
13350
13367
13383
13399
13415
13431
13447
13463
13479
13495
13511
13527
13544
13561
13577
13593
13609
13625
13641
13657
13673
13689
13705
13721
13737
13753
13769
13785
13801
13817
13833
13851
13867
13883
13899
13915
13931
13947
13963
13979
13995
14011
14027
14043
14059
14075
14092
14108
14124
14140
14156
14172
14189
14205
14221
14237
14253
14274
14290
14307
14323
14343
14360
14376
14396
14412
14428
14445
14461
14478
14498
14515
14532
14548
14567
14584
14600
14616
14632
14649
14665
14681
14697
14713
14729
14745
14761
14778
14795
14811
14827
14844
14860
14876
14892
14909
14926
14943
14960
14977
14993
15010
10020
10055
10071
10087
10104
10121
10137
10153
10169
10187
10204
10220
10237
10253
10269
10286
10308
10324
10341
10367
10383
10399
10417
10433
10449
10466
10507
10523
10539
10555
10571
10587
10603
10619
10635
10652
10668
10684
10709
10726
10743
10759
10775
10791
10808
10824
10840
10856
10872
10888
10904
10921
10937
10953
10969
10986
11002
11019
11035
11051
11067
11083
11099
11116
11133
11149
11166
11182
11199
11216
11233
11249
11266
11283
11300
11317
11334
11350
11367
11384
11401
11417
11433
11450
11467
11483
11499
11515
11532
11549
11565
11581
11597
11613
11630
11647
11663
11679
11695
11711
11728
11745
11761
11777
11794
11811
11828
11845
11862
11878
11895
11911
11927
11943
11959
11975
11991
12008
12025
12041
12058
12075
12092
12108
12124
12141
12158
12175
12192
12208
12225
12242
12258
12275
12292
12309
12326
12342
12358
12374
12391
12408
12426
12442
12458
12474
12490
12507
12523
12540
12557
12574
12590
12607
12624
12641
12658
12675
12692
12709
12726
12743
12760
12777
12794
12811
12828
12844
12861
12877
12893
12909
12926
12942
12959
12976
12993
13010
13027
13044
13060
13077
13093
13110
13127
13144
13161
13178
13195
13212
13229
13245
13261
13277
13293
13310
13326
13343
13360
13377
13394
13411
13427
13444
13461
13477
13494
13546
13562
13579
13595
13612
13628
13644
13660
13677
13693
13709
13732
13753
13769
13785
13802
13819
13835
13851
13867
13883
13905
13921
13937
13953
13969
13986
14003
14020
14037
14054
14070
14086
14102
14129
14145
14162
14179
14195
14211
14227
14243
14305
14321
14338
14354
14370
14387
14403
14420
14436
14462
14478
14494
14510
14526
14572
14594
14610
14626
14643
14659
14675
14691
14708
14725
14742
14759
14776
14793
14809
14826
14843
14860
14877
14894
14910
14926
14943
14960
14977
14994
15010
10011
10028
10044
10061
10077
10093
10109
10126
10143
10160
10177
10193
10209
10225
10241
10258
10275
10291
10308
10324
10341
10358
10375
10392
10408
10424
10441
10457
10473
10490
10506
10523
10539
10556
10572
10589
10606
10623
10639
10656
10673
10690
10706
10722
10739
10756
10772
10789
10806
10822
10838
10854
10871
10888
10904
10921
10938
10954
10971
10988
11005
11021
11038
11054
11070
11087
11104
11120
11137
11154
11170
11187
11203
11220
11236
11253
11269
11286
11303
11320
11336
11353
11370
11387
11403
11419
11435
11451
11468
11485
11501
11518
11535
11552
11569
11585
11601
11618
11634
11651
11668
11685
11702
11719
11736
11753
11770
11787
11803
11820
11837
11854
11870
11887
11904
11921
11938
11954
11970
11987
12004
12021
12037
12053
12070
12087
12103
12120
12136
12153
12170
12186
12202
12218
12234
12250
12267
12284
12301
12318
12334
12351
12368
12384
12400
12417
12434
12450
12467
12484
12501
12517
12533
12549
12566
12583
12600
12617
12633
12650
12667
12683
12699
12715
12732
12749
12765
12781
12797
12814
12831
12848
12864
12881
12898
12914
12931
12948
12965
12981
12998
13014
13030
13046
13063
13080
13096
13112
13128
13145
13161
13178
13195
13211
13228
13244
13260
13277
13293
13309
13325
13341
13358
13375
13392
13408
13425
13442
13459
13476
13492
13508
13524
13541
13558
13575
13591
13608
13625
13641
13657
13673
13689
13706
13722
13739
13755
13772
13789
13805
13822
13838
13854
13870
13886
13903
13920
13937
13954
13970
13986
14002
14018
14035
14051
14067
14084
14101
14118
14135
14152
14168
14185
14202
14218
14235
14251
14267
14284
14300
14317
14334
14351
14367
14383
14399
14416
14433
14449
14466
14482
14498
14515
14532
14548
14565
14582
14598
14614
14630
14647
14663
14680
14696
14713
14730
14746
14763
14780
14797
14814
14831
14847
14864
14880
14896
14912
14929
14945
14962
14979
14995
10016
10033
10049
10066
10083
10099
10116
10132
10149
10166
10182
10198
10215
10232
10249
10266
10283
10300
10317
10334
10351
10368
10385
10402
10419
10436
10453
10469
10486
10502
10518
10534
10550
10566
10583
10599
10616
10633
10650
10667
10684
10701
10718
10735
10752
10769
10786
10803
10819
10836
10853
10870
10887
10904
10921
10938
10955
10972
10989
11005
11022
11039
11056
11072
11088
11105
11121
11137
11153
11169
11185
11201
11217
11234
11251
11267
11284
11300
11317
11334
11351
11368
11385
11402
11419
11435
11452
11469
11485
11502
11518
11534
11550
11566
11582
11599
11616
11632
11648
11665
11681
11698
11715
11732
11749
11765
11782
11799
11815
11832
11849
11865
11881
11897
11913
11929
11946
11963
11980
11997
12014
12031
12048
12064
12081
12098
12114
12130
12146
12162
12178
12194
12210
12226
12243
12259
12275
12291
12307
12324
12340
12356
12372
12388
12405
12421
12437
12453
12469
12485
12501
12517
12533
12550
12567
12583
12599
12616
12632
12648
12664
12681
12697
12713
12729
12745
12762
12778
12794
12810
12826
12842
12858
12874
12890
12906
12922
12939
12955
12972
12988
13005
13022
13039
13056
13073
13090
13107
13124
13141
13158
13175
13191
13207
13224
13241
13257
13274
13290
13307
13324
13341
13358
13375
13392
13408
13424
13440
13456
13472
13488
13504
13521
13537
13553
13570
13587
13604
13621
13637
13653
13669
13685
13702
13718
13735
13751
13767
13784
13801
13818
13834
13850
13867
13884
13901
13918
13935
13952
13969
13986
14003
14020
14037
14053
14070
14087
14104
14121
14137
14153
14170
14186
14202
14219
14236
14253
14270
14287
14304
14321
14338
14355
14372
14389
14406
14423
14440
14457
14474
14491
14508
14525
14541
14558
14575
14592
14608
14625
14642
14659
14676
14693
14710
14727
14744
14761
14778
14795
14812
14829
14846
14863
14880
14897
14914
14931
14948
14964
14980
14997
15013
10003
10026
10043
10060
10076
10092
10108
10124
10142
10159
10176
10193
10210
10227
10244
10261
10278
10295
10311
10327
10344
10360
10376
10393
10410
10427
10444
10460
10477
10494
10511
10528
10545
10562
10579
10596
10613
10630
10647
10664
10681
10698
10715
10732
10749
10766
10783
10800
10817
10834
10851
10868
10885
10902
10919
10936
10953
10970
10987
11005
11023
11040
11057
11074
11091
11108
11125
11142
11159
11176
11193
11209
11225
11241
11257
11274
11290
11307
11324
11341
11358
11375
11392
11409
11426
11443
11460
11477
11494
11511
11528
11545
11562
11579
11596
11612
11629
11646
11663
11680
11697
11714
11731
11748
11765
11782
11799
11816
11833
11849
11865
11882
11899
11916
11933
11950
11967
11984
12000
12016
12032
12048
12065
12082
12099
12116
12133
12150
12167
12184
12201
12217
12233
12250
12267
12284
12300
12316
12333
12350
12366
12382
12399
12416
12433
12450
12466
12483
12499
12516
12533
12550
12567
12583
12600
12617
12634
12651
12668
12685
12702
12719
12736
12753
12770
12787
12804
12820
12837
12854
12870
12887
12904
12920
12937
12954
12971
12987
13003
13020
13036
13053
13070
13087
13103
13120
13136
13153
13170
13187
13204
13221
13238
13255
13271
13288
13304
13321
13338
13354
13370
13386
13402
13418
13434
13451
13467
13484
13500
13516
13533
13550
13567
13583
13599
13615
13631
13647
13663
13680
13697
13714
13730
13746
13762
13778
13794
13810
13827
13843
13859
13875
13891
13907
13923
13940
13956
13972
13988
14004
14020
14037
14053
14069
14085
14101
14117
14133
14150
14166
14182
14198
14214
14230
14246
14262
14279
14295
14311
14328
14345
14361
14378
14394
14410
14426
14442
14458
14475
14492
14508
14525
14542
14558
14575
14591
14608
14625
14641
14657
14674
14691
14707
14723
14739
14755
14771
14788
14804
14820
14836
14852
14876
14893
14910
14927
14943
14959
14976
14992
10017
10034
10050
10066
10082
10101
10117
10134
10150
10167
10183
10199
10215
10232
10248
10264
10280
10296
10313
10329
10346
10362
10379
10395
10412
10429
10446
10463
10480
10497
10514
10530
10547
10564
10580
10597
10614
10631
10648
10665
10682
10699
10715
10731
10748
10765
10781
10798
10814
10831
10847
10872
10889
10906
10923
10940
10957
10973
10990
11006
11022
11038
11054
11070
11087
11103
11120
11137
11153
11170
11186
11202
11218
11234
11250
11267
11283
11299
11315
11332
11349
11365
11381
11397
11414
11430
11447
11463
11480
11497
11514
11530
11547
11563
11579
11603
11635
11651
11668
11685
11702
11718
11734
11750
11766
11783
11800
11817
11833
11849
11865
11901
11918
11935
11952
11969
11986
12003
12020
12037
12054
12071
12088
12105
12122
12139
12156
12173
12190
12207
12224
12241
12258
12275
12292
12309
12326
12343
12360
12376
12393
12410
12427
12444
12461
12478
12495
12512
12529
12546
12563
12580
12597
12614
12631
12648
12665
12681
12706
12723
12740
12757
12774
12791
12810
12826
12844
12860
12876
12893
12909
12932
12949
12965
12982
12999
13016
13033
13049
13066
13082
13098
13114
13131
13148
13165
13181
13198
13215
13232
13248
13264
13281
13298
13314
13330
13347
13364
13381
13397
13413
13429
13445
13462
13479
13495
13512
13528
13544
13560
13577
13594
13611
13628
13644
13660
13676
13692
13708
13725
13742
13758
13774
13790
13806
13823
13839
13855
13871
13887
13903
13919
13936
13952
13969
13986
14003
14020
14037
14054
14071
14087
14104
14121
14138
14155
14172
14189
14206
14223
14240
14257
14274
14291
14308
14325
14342
14359
14376
14393
14410
14427
14443
14459
14476
14493
14510
14527
14543
14560
14577
14594
14611
14628
14645
14662
14679
14695
14712
14729
14746
14763
14780
14797
14814
14831
14848
14865
14882
14899
14916
14933
14949
14966
14983
14999
15015
10018
10039
10055
10072
10089
10105
10121
10138
10154
10171
10187
10203
10220
10236
10252
10268
10285
10301
10318
10334
10350
10366
10382
10398
10414
10430
10446
10462
10478
10495
10512
10528
10544
10560
10576
10592
10609
10626
10642
10659
10675
10692
10708
10725
10742
10759
10776
10793
10810
10826
10843
10859
10875
10891
10907
10923
10939
10955
10972
10988
11004
11021
11038
11055
11071
11088
11105
11123
11139
11155
11172
11189
11213
11230
11246
11262
11278
11295
11312
11329
11345
11362
11378
11400
11417
11434
11451
11467
11483
11500
11517
11536
11553
11570
11587
11604
11620
11636
11653
11670
11687
11704
11720
11737
11753
11769
11786
11802
11819
11835
11852
11868
11885
11901
11918
11935
11951
11968
11984
12000
12016
12033
12050
12067
12084
12100
12116
12132
12148
12165
12181
12198
12214
12231
12248
12265
12282
12299
12316
12333
12352
12368
12384
12401
12418
12435
12451
12468
12484
12500
12517
12534
12550
12566
12583
12599
12615
12632
12648
12664
12680
12697
12713
12729
12745
12761
12777
12794
12811
12827
12843
12859
12876
12893
12910
12927
12943
12960
12977
12994
13011
13028
13045
13062
13078
13095
13112
13129
13146
13163
13180
13196
13213
13230
13246
13263
13279
13295
13311
13327
13344
13361
13378
13394
13411
13427
13444
13461
13477
13493
13509
13525
13542
13559
13575
13591
13608
13624
13640
13656
13672
13689
13706
13722
13739
13756
13773
13790
13806
13823
13840
13856
13873
13890
13907
13923
13940
13957
13974
13990
14007
14023
14040
14056
14073
14090
14107
14124
14141
14158
14174
14191
14208
14225
14241
14257
14274
14291
14308
14324
14341
14358
14375
14392
14409
14426
14443
14459
14476
14492
14509
14525
14541
14557
14574
14590
14606
14622
14639
14655
14671
14687
14704
14721
14738
14754
14771
14788
14805
14822
14839
14855
14871
14887
14904
14920
14936
14953
14970
14986
15003
10014
10031
10048
10064
10080
10097
10114
10131
10147
10163
10179
10196
10212
10229
10246
10263
10280
10296
10313
10330
10346
10362
10379
10395
10412
10428
10444
10461
10478
10495
10511
10527
10543
10559
10575
10591
10608
10624
10640
10657
10674
10691
10707
10723
10739
10755
10771
10787
10803
10819
10835
10851
10867
10883
10899
10915
10931
10947
10963
10979
10995
11012
11029
11046
11062
11078
11095
11112
11129
11146
11163
11179
11196
11212
11228
11244
11260
11276
11293
11310
11327
11344
11361
11377
11394
11410
11426
11443
11460
11477
11494
11511
11528
11545
11562
11579
11595
11612
11628
11644
11660
11676
11693
11709
11726
11742
11758
11774
11791
11807
11824
11840
11856
11872
11888
11905
11921
11937
11953
11969
11985
12001
12017
12033
12050
12067
12084
12101
12118
12135
12152
12168
12184
12201
12218
12235
12251
12267
12283
12299
12315
12331
12347
12364
12386
12403
12419
12435
12452
12469
12485
12502
12519
12535
12551
12567
12583
12599
12620
12639
12655
12671
12688
12704
12720
12736
12752
12768
12784
12807
12827
12843
12859
12876
12892
12909
12926
12942
12958
12974
12990
13006
13022
13039
13055
13071
13087
13104
13120
13137
13153
13169
13186
13202
13219
13235
13252
13268
13284
13300
13317
13333
13356
13377
13394
13411
13427
13444
13461
13477
13494
13510
13526
13543
13560
13576
13592
13609
13633
13649
13666
13682
13698
13715
13731
13748
13764
13780
13797
13814
13830
13847
13864
13881
13897
13914
13931
13948
13964
13980
13997
14014
14030
14046
14063
14080
14097
14113
14130
14147
14164
14181
14197
14214
14230
14247
14264
14280
14296
14312
14329
14346
14363
14379
14395
14412
14429
14445
14461
14477
14494
14511
14527
14544
14561
14577
14594
14610
14626
14642
14658
14674
14690
14707
14723
14740
14757
14774
14790
14807
14823
14839
14855
14872
14888
14905
14921
14937
14953
14969
14985
15001
10011
10027
10044
10060
10077
10094
10111
10127
10144
10161
10177
10193
10209
10225
10241
10257
10274
10291
10308
10325
10342
10359
10376
10393
10409
10426
10443
10460
10477
10494
10511
10528
10545
10562
10579
10596
10613
10630
10647
10664
10681
10698
10715
10732
10748
10764
10780
10796
10813
10829
10845
10861
10878
10894
10911
10927
10944
10960
10976
10993
11010
11026
11043
11060
11076
11092
11109
11125
11142
11159
11176
11192
11209
11226
11243
11260
11276
11293
11309
11325
11342
11358
11374
11391
11408
11425
11442
11459
11476
11492
11509
11526
11543
11560
11577
11594
11611
11628
11645
11662
11679
11696
11713
11730
11746
11762
11779
11795
11811
11828
11845
11862
11879
11896
11912
11928
11945
11961
11978
11994
12011
12027
12043
12059
12075
12091
12107
12123
12139
12155
12172
12189
12206
12223
12240
12257
12274
12291
12307
12323
12340
12357
12374
12391
12408
12424
12441
12457
12474
12491
12508
12524
12540
12556
12573
12590
12607
12623
12639
12656
12673
12689
12705
12722
12739
12756
12772
12789
12805
12822
12838
12855
12871
12887
12904
12921
12937
12953
12970
12986
13003
13020
13037
13054
13071
13087
13103
13119
13135
13152
13168
13184
13201
13217
13233
13250
13267
13283
13299
13316
13333
13349
13365
13381
13397
13414
13430
13446
13462
13479
13495
13511
13527
13543
13559
13575
13592
13608
13625
13641
13658
13675
13692
13708
13724
13741
13757
13774
13791
13808
13824
13840
13857
13874
13891
13908
13924
13941
13958
13975
13992
14009
14026
14043
14060
14076
14093
14109
14125
14142
14159
14175
14191
14208
14225
14242
14259
14276
14293
14309
14326
14343
14360
14377
14393
14410
14427
14444
14461
14478
14494
14510
14527
14544
14561
14578
14595
14612
14629
14646
14663
14680
14697
14714
14731
14748
14765
14782
14799
14815
14832
14849
14866
14882
14899
14916
14933
14950
14967
14984
15000
10009
10026
10043
10060
10076
10092
10109
10125
10141
10158
10174
10191
10208
10225
10242
10258
10274
10291
10308
10324
10340
10356
10372
10388
10405
10422
10439
10455
10471
10488
10504
10520
10536
10553
10569
10585
10601
10617
10634
10651
10668
10684
10701
10717
10734
10751
10767
10783
10800
10817
10833
10850
10867
10884
10900
10917
10934
10950
10967
10984
11001
11017
11033
11049
11066
11083
11100
11117
11134
11151
11168
11185
11202
11219
11235
11252
11269
11285
11302
11318
11334
11351
11368
11385
11401
11417
11434
11450
11467
11484
11500
11517
11534
11550
11566
11583
11599
11615
11631
11648
11664
11681
11698
11714
11731
11747
11763
11779
11795
11812
11829
11846
11863
11880
11897
11913
11930
11947
11964
11981
11997
12013
12030
12047
12063
12080
12097
12113
12130
12147
12163
12179
12196
12212
12229
12246
12263
12280
12297
12313
12329
12345
12362
12378
12395
12411
12428
12444
12460
12476
12492
12509
12526
12543
12559
12575
12592
12608
12624
12641
12657
12673
12690
12706
12723
12739
12755
12771
12787
12804
12821
12838
12854
12871
12888
12905
12921
12937
12953
12970
12986
13003
13020
13036
13053
13070
13086
13102
13118
13134
13150
13167
13183
13199
13215
13232
13249
13265
13282
13298
13314
13331
13347
13364
13381
13397
13413
13429
13445
13461
13477
13493
13510
13527
13544
13561
13578
13595
13612
13629
13646
13663
13680
13697
13714
13731
13748
13764
13781
13798
13815
13832
13848
13865
13881
13898
13915
13932
13948
13964
13980
13996
14012
14028
14044
14060
14077
14093
14109
14125
14141
14157
14174
14190
14206
14222
14239
14255
14271
14287
14303
14320
14336
14352
14368
14384
14400
14416
14432
14449
14465
14481
14498
14515
14531
14548
14564
14581
14598
14615
14632
14648
14665
14682
14699
14715
14732
14749
14766
14783
14799
14816
14832
14848
14865
14882
14898
14915
14932
14949
14966
14983
15000
10030
10047
10063
10079
10096
10113
10130
10146
10162
10178
10195
10212
10229
10245
10261
10278
10294
10311
10328
10344
10360
10377
10393
10409
10425
10441
10458
10475
10492
10509
10526
10543
10559
10575
10592
10608
10624
10640
10656
10672
10689
10705
10721
10737
10753
10769
10785
10801
10817
10833
10849
10865
10881
10901
10917
10933
10949
10965
10982
10999
11015
11032
11049
11065
11082
11098
11114
11131
11148
11165
11182
11199
11215
11231
11247
11263
11279
11295
11311
11327
11343
11359
11375
11391
11407
11423
11439
11455
11471
11487
11503
11519
11535
11551
11567
11583
11600
11616
11632
11649
11665
11681
11697
11713
11729
11745
11762
11779
11796
11812
11829
11846
11863
11880
11896
11912
11928
11945
11961
11977
11993
12009
12025
12041
12057
12073
12090
12106
12122
12139
12156
12173
12190
12206
12223
12240
12257
12274
12291
12307
12324
12341
12358
12375
12392
12409
12425
12442
12459
12475
12492
12509
12526
12543
12559
12576
12592
12608
12624
12641
12658
12675
12692
12708
12724
12740
12757
12773
12789
12805
12821
12837
12853
12869
12885
12901
12918
12935
12952
12968
12984
13000
13017
13034
13051
13067
13084
13101
13118
13134
13151
13167
13183
13199
13215
13232
13249
13266
13283
13299
13316
13333
13349
13366
13382
13398
13414
13431
13448
13464
13481
13497
13514
13531
13547
13564
13581
13597
13613
13629
13645
13661
13678
13695
13711
13727
13744
13761
13777
13793
13810
13827
13843
13860
13877
13894
13910
13927
13944
13960
13976
13992
14008
14025
14042
14059
14076
14093
14109
14125
14141
14157
14174
14191
14208
14225
14242
14258
14275
14291
14308
14325
14342
14359
14375
14392
14409
14426
14442
14458
14475
14492
14508
14524
14540
14556
14572
14588
14604
14620
14636
14653
14670
14686
14703
14720
14736
14753
14769
14786
14802
14819
14836
14853
14869
14886
14903
14920
14937
14954
14970
14986
15002
15019
10021
10038
10055
10072
10089
10105
10122
10138
10154
10170
10187
10204
10221
10237
10253
10269
10285
10301
10318
10334
10350
10367
10383
10400
10417
10434
10450
10467
10484
10500
10516
10532
10548
10565
10582
10598
10614
10630
10646
10662
10679
10695
10712
10728
10744
10760
10777
10794
10810
10826
10842
10859
10875
10891
10907
10923
10940
10956
10972
10989
11005
11021
11038
11054
11070
11086
11103
11120
11137
11159
11181
11197
11213
11229
11246
11263
11280
11296
11312
11328
11344
11360
11376
11393
11409
11425
11441
11457
11473
11490
11507
11524
11541
11558
11575
11592
11609
11626
11643
11660
11676
11692
11709
11726
11743
11759
11780
11796
11812
11829
11845
11861
11878
11895
11912
11928
11944
11961
11978
11995
12012
12028
12044
12061
12078
12094
12110
12127
12143
12159
12175
12192
12208
12224
12240
12256
12273
12289
12305
12322
12338
12355
12371
12387
12403
12419
12435
12451
12467
12484
12500
12516
12533
12550
12566
12582
12598
12614
12630
12646
12662
12679
12695
12711
12728
12745
12762
12778
12794
12810
12826
12842
12858
12874
12890
12906
12923
12940
12956
12973
12993
13009
13026
13044
13061
13077
13093
13109
13125
13141
13157
13173
13189
13205
13222
13238
13255
13272
13289
13305
13321
13337
13353
13369
13385
13402
13419
13435
13452
13469
13486
13502
13518
13535
13552
13569
13586
13603
13620
13637
13654
13670
13687
13703
13719
13736
13753
13770
13787
13804
13820
13836
13852
13868
13884
13900
13916
13932
13948
13964
13980
13996
14012
14028
14044
14060
14076
14092
14109
14155
14172
14188
14204
14220
14236
14253
14269
14285
14301
14318
14335
14351
14367
14383
14399
14415
14431
14447
14463
14479
14496
14512
14528
14544
14560
14577
14594
14611
14627
14644
14660
14677
14694
14710
14727
14744
14761
14777
14794
14811
14827
14843
14859
14875
14892
14909
14925
14942
14964
14980
14996
15012
10019
10035
10052
10068
10085
10101
10117
10134
10151
10168
10185
10201
10217
10233
10249
10266
10283
10299
10316
10332
10348
10364
10380
10397
10413
10430
10447
10464
10481
10498
10514
10531
10547
10564
10580
10596
10612
10629
10646
10663
10679
10696
10713
10729
10746
10763
10779
10796
10812
10828
10845
10861
10878
10894
10910
10927
10944
10960
10976
10993
11009
11025
11042
11059
11076
11093
11110
11127
11144
11160
11177
11193
11209
11225
11241
11258
11275
11292
11309
11325
11341
11358
11374
11391
11408
11425
11442
11459
11476
11492
11509
11526
11543
11560
11577
11594
11611
11628
11644
11661
11678
11695
11712
11729
11746
11763
11780
11797
11814
11830
11847
11864
11881
11898
11915
11932
11949
11965
11982
11999
12016
12033
12050
12066
12082
12098
12115
12131
12148
12164
12181
12198
12215
12231
12247
12264
12281
12298
12315
12331
12348
12365
12382
12399
12415
12432
12448
12464
12481
12498
12515
12532
12549
12566
12583
12600
12617
12634
12651
12668
12685
12702
12718
12734
12750
12766
12782
12798
12815
12832
12849
12865
12881
12897
12914
12931
12948
12965
12982
12998
13014
13030
13046
13063
13080
13097
13113
13129
13146
13163
13179
13195
13211
13228
13244
13260
13277
13293
13310
13326
13343
13359
13375
13391
13408
13425
13441
13457
13474
13490
13507
13523
13539
13555
13572
13588
13604
13620
13637
13654
13670
13686
13703
13719
13736
13752
13768
13784
13800
13817
13834
13851
13868
13885
13902
13919
13935
13951
13968
13984
14001
14018
14035
14052
14069
14086
14103
14119
14136
14152
14168
14184
14200
14217
14233
14249
14266
14282
14298
14314
14330
14346
14362
14379
14395
14412
14429
14445
14462
14479
14496
14513
14529
14545
14561
14577
14593
14610
14627
14644
14661
14678
14695
14712
14729
14746
14763
14780
14796
14812
14828
14844
14861
14878
14894
14910
14926
14943
14959
14975
14992
15008
10014
10031
10047
10064
10081
10098
10114
10131
10148
10165
10182
10199
10216
10233
10250
10266
10283
10299
10316
10333
10349
10366
10383
10400
10417
10434
10451
10468
10484
10501
10518
10535
10551
10568
10585
10601
10618
10635
10652
10668
10685
10701
10718
10735
10752
10768
10785
10801
10818
10835
10852
10868
10884
10901
10918
10935
10951
10968
10985
11002
11019
11036
11052
11068
11085
11102
11119
11136
11153
11170
11187
11204
11221
11238
11255
11272
11289
11306
11323
11340
11357
11374
11391
11407
11424
11441
11458
11475
11492
11509
11526
11543
11560
11576
11592
11608
11624
11640
11656
11672
11688
11704
11720
11736
11753
11769
11785
11801
11817
11834
11851
11867
11883
11899
11916
11934
11950
11966
11983
11999
12016
12032
12048
12065
12081
12098
12114
12131
12148
12164
12180
12197
12214
12231
12248
12264
12281
12298
12315
12332
12349
12366
12383
12399
12416
12432
12448
12465
12481
12497
12514
12530
12546
12563
12579
12595
12612
12628
12645
12662
12679
12696
12713
12729
12745
12761
12778
12795
12812
12829
12846
12863
12879
12896
12912
12928
12945
12961
12977
12994
13011
13028
13045
13061
13078
13094
13110
13127
13144
13161
13178
13195
13212
13228
13245
13261
13278
13294
13311
13328
13344
13361
13377
13393
13410
13426
13442
13458
13474
13490
13507
13524
13540
13556
13572
13589
13605
13622
13639
13656
13672
13689
13705
13722
13738
13754
13770
13786
13803
13819
13835
13851
13867
13883
13899
13915
13931
13947
13963
13979
13995
14011
14027
14044
14060
14077
14094
14111
14127
14143
14159
14176
14192
14208
14224
14240
14257
14273
14290
14306
14323
14340
14357
14374
14391
14407
14423
14440
14457
14474
14491
14508
14524
14540
14556
14572
14589
14605
14621
14638
14654
14670
14686
14702
14719
14736
14753
14770
14786
14802
14819
14836
14852
14869
14886
14902
14919
14936
14952
14969
14985
15002
10013
10029
10045
10062
10079
10096
10112
10129
10146
10163
10180
10196
10213
10230
10247
10263
10279
10296
10312
10329
10345
10362
10379
10395
10411
10427
10444
10461
10478
10495
10512
10529
10546
10562
10580
10597
10613
10630
10647
10663
10680
10696
10713
10729
10745
10762
10779
10796
10812
10829
10846
10863
10880
10897
10914
10931
10948
10965
10982
10999
11016
11032
11048
11064
11080
11097
11113
11129
11145
11162
11178
11195
11212
11229
11246
11262
11278
11295
11311
11328
11344
11360
11376
11393
11410
11427
11444
11461
11478
11494
11511
11528
11545
11561
11578
11595
11611
11628
11645
11662
11679
11695
11711
11728
11745
11762
11779
11795
11812
11829
11846
11863
11879
11895
11912
11929
11945
11961
11978
11994
12011
12027
12044
12061
12077
12093
12110
12127
12144
12161
12178
12195
12212
12229
12246
12263
12280
12297
12314
12330
12346
12363
12380
12396
12413
12429
12445
12461
12478
12494
12511
12528
12545
12562
12578
12594
12611
12627
12643
12659
12676
12692
12708
12725
12742
12759
12776
12793
12809
12825
12842
12859
12876
12893
12909
12925
12941
12957
12974
12990
13006
13022
13039
13055
13071
13087
13104
13120
13136
13153
13170
13187
13204
13221
13238
13254
13271
13288
13305
13322
13339
13355
13372
13389
13406
13422
13438
13455
13471
13488
13504
13520
13537
13553
13569
13585
13601
13618
13635
13652
13669
13685
13703
13719
13735
13751
13768
13784
13801
13818
13835
13852
13869
13885
13902
13918
13935
13951
13968
13984
14001
14017
14033
14049
14065
14081
14097
14113
14129
14145
14161
14177
14193
14209
14225
14241
14257
14273
14289
14306
14322
14338
14354
14370
14386
14402
14419
14436
14452
14469
14486
14503
14519
14535
14552
14568
14584
14600
14616
14633
14650
14666
14682
14698
14714
14730
14747
14764
14780
14796
14813
14830
14846
14863
14880
14896
14913
14930
14947
14963
14979
14995
15012
10018
10035
10051
10068
10085
10101
10117
10134
10151
10168
10185
10201
10217
10234
10250
10266
10282
10299
10315
10331
10348
10364
10380
10396
10412
10428
10445
10462
10479
10496
10512
10529
10546
10562
10579
10595
10611
10628
10645
10662
10679
10696
10713
10730
10747
10763
10780
10797
10813
10829
10846
10863
10880
10897
10914
10930
10947
10964
10982
10999
11015
11032
11048
11065
11081
11097
11113
11130
11147
11163
11179
11196
11212
11228
11244
11260
11276
11292
11309
11326
11342
11358
11375
11391
11407
11423
11440
11457
11473
11490
11507
11523
11539
11555
11572
11588
11604
11620
11637
11653
11670
11687
11703
11720
11737
11754
11771
11788
11804
11821
11838
11855
11872
11889
11905
11922
11939
11955
11972
11988
12004
12021
12038
12054
12070
12086
12103
12119
12135
12151
12168
12184
12200
12217
12234
12250
12266
12283
12300
12317
12334
12351
12368
12384
12401
12417
12434
12451
12468
12485
12502
12519
12535
12552
12569
12585
12602
12618
12635
12651
12668
12685
12702
12719
12735
12752
12769
12785
12802
12818
12835
12852
12868
12884
12900
12916
12932
12948
12965
12982
12999
13015
13031
13048
13065
13082
13098
13115
13132
13149
13165
13181
13197
13213
13229
13246
13262
13279
13295
13311
13327
13344
13360
13376
13393
13409
13425
13442
13459
13475
13492
13508
13524
13540
13557
13574
13590
13606
13622
13638
13655
13672
13689
13705
13721
13738
13754
13770
13786
13802
13818
13835
13852
13869
13886
13902
13919
13936
13953
13969
13985
14001
14017
14033
14050
14066
14082
14099
14116
14133
14150
14167
14183
14200
14217
14234
14250
14267
14283
14299
14316
14332
14349
14366
14383
14400
14417
14434
14450
14466
14483
14500
14517
14533
14550
14566
14582
14599
14615
14632
14648
14664
14681
14697
14714
14730
14747
14764
14781
14797
14813
14830
14847
14863
14880
14896
14912
14928
14944
14961
14978
14995
15011
10019
10036
10052
10068
10084
10100
10116
10132
10149
10166
10183
10200
10217
10234
10251
10268
10284
10300
10316
10333
10350
10367
10384
10400
10417
10434
10451
10467
10483
10499
10515
10531
10547
10563
10579
10595
10612
10629
10645
10662
10678
10695
10711
10727
10744
10761
10777
10794
10811
10827
10843
10860
10876
10892
10909
10926
10943
10960
10977
10994
11011
11027
11044
11060
11076
11093
11110
11127
11144
11160
11176
11193
11210
11226
11243
11260
11277
11293
11309
11326
11343
11360
11377
11393
11409
11425
11442
11459
11476
11492
11508
11524
11540
11556
11572
11588
11605
11621
11637
11653
11669
11686
11702
11719
11736
11753
11770
11786
11802
11818
11834
11850
11867
11884
11901
11917
11933
11949
11966
11983
12000
12016
12032
12049
12066
12082
12098
12115
12131
12147
12163
12180
12196
12212
12228
12244
12260
12276
12292
12309
12326
12343
12360
12376
12393
12410
12427
12444
12460
12477
12494
12510
12527
12543
12559
12576
12592
12609
12626
12642
12659
12675
12691
12708
12725
12741
12757
12773
12790
12806
12822
12839
12855
12872
12888
12904
12921
12938
12955
12971
12988
13004
13020
13036
13052
13068
13084
13100
13117
13134
13151
13168
13185
13201
13217
13234
13251
13268
13285
13301
13317
13333
13349
13366
13383
13400
13417
13433
13449
13465
13482
13499
13516
13532
13549
13565
13582
13599
13615
13633
13650
13666
13683
13700
13717
13734
13751
13768
13784
13801
13818
13835
13852
13868
13886
13902
13918
13935
13951
13968
13984
14001
14018
14034
14050
14066
14082
14099
14116
14132
14148
14165
14181
14198
14215
14232
14248
14265
14282
14298
14314
14331
14347
14363
14379
14396
14412
14428
14444
14460
14477
14494
14510
14526
14543
14560
14576
14593
14609
14626
14642
14659
14676
14693
14710
14727
14743
14760
14776
14792
14808
14824
14840
14856
14873
14889
14906
14922
14938
14954
14971
14988
15005
10020
10036
10052
10069
10086
10103
10119
10136
10152
10169
10185
10202
10219
10236
10252
10269
10286
10303
10320
10336
10353
10370
10387
10403
10420
10437
10454
10471
10488
10505
10521
10537
10553
10569
10585
10602
10618
10634
10650
10667
10683
10699
10715
10731
10748
10765
10781
10798
10815
10832
10848
10864
10880
10897
10913
10929
10945
10961
10977
10993
11010
11027
11043
11059
11076
11092
11108
11125
11142
11159
11175
11191
11207
11224
11241
11258
11275
11292
11309
11326
11342
11358
11374
11391
11407
11423
11439
11455
11472
11489
11506
11523
11540
11557
11573
11590
11606
11623
11639
11655
11672
11688
11704
11720
11737
11754
11771
11788
11804
11821
11838
11854
11871
11887
11904
11921
11938
11954
11970
11987
12004
12020
12037
12055
12072
12089
12105
12122
12139
12155
12172
12189
12206
12223
12240
12256
12273
12290
12307
12323
12339
12356
12373
12390
12406
12423
12440
12457
12473
12491
12508
12525
12542
12558
12575
12591
12608
12625
12642
12658
12674
12691
12707
12724
12740
12757
12774
12790
12806
12823
12840
12856
12872
12888
12905
12921
12938
12954
12970
12987
13003
13019
13036
13053
13070
13086
13102
13118
13136
13153
13170
13187
13204
13220
13237
13254
13271
13288
13305
13322
13339
13356
13373
13390
13407
13423
13440
13457
13473
13490
13507
13524
13540
13557
13573
13590
13607
13624
13640
13656
13672
13688
13704
13721
13738
13754
13770
13787
13803
13819
13835
13851
13868
13884
13901
13917
13933
13950
13967
13984
14001
14017
14034
14051
14068
14085
14102
14119
14135
14152
14169
14185
14201
14217
14233
14249
14265
14282
14299
14316
14333
14349
14365
14381
14397
14413
14430
14447
14463
14479
14496
14512
14528
14544
14560
14576
14593
14610
14626
14642
14659
14675
14692
14708
14725
14742
14758
14774
14791
14808
14824
14840
14857
14874
14890
14906
14923
14940
14956
14973
14990
15006
10003
10019
10036
10052
10069
10086
10103
10119
10136
10153
10169
10186
10203
10219
10236
10252
10269
10286
10302
10318
10335
10351
10368
10384
10401
10417
10433
10449
10465
10481
10497
10514
10530
10547
10564
10580
10596
10613
10629
10645
10662
10678
10694
10710
10726
10743
10759
10775
10792
10808
10825
10841
10857
10874
10890
10908
10924
10941
10957
10974
10990
11006
11022
11039
11056
11072
11088
11105
11122
11138
11155
11172
11189
11206
11223
11239
11255
11272
11289
11305
11321
11337
11354
11371
11388
11405
11421
11438
11454
11470
11486
11503
11519
11536
11553
11569
11586
11602
11618
11634
11651
11667
11684
11700
11716
11732
11749
11765
11782
11799
11816
11833
11850
11867
11883
11900
11917
11934
11950
11966
11982
11998
12015
12031
12047
12063
12080
12096
12113
12130
12146
12162
12178
12194
12210
12226
12242
12258
12274
12291
12308
12324
12340
12356
12372
12388
12405
12422
12439
12456
12472
12488
12504
12520
12537
12554
12570
12587
12604
12621
12638
12655
12671
12688
12705
12721
12738
12754
12771
12788
12804
12821
12837
12854
12871
12887
12904
12921
12938
12955
12972
12989
13006
13023
13039
13056
13072
13088
13104
13120
13136
13152
13169
13186
13202
13218
13234
13250
13267
13283
13300
13316
13332
13349
13365
13381
13398
13415
13432
13449
13465
13481
13498
13514
13531
13548
13564
13580
13597
13614
13630
13647
13664
13680
13697
13714
13730
13747
13764
13781
13797
13814
13830
13846
13863
13880
13897
13913
13930
13946
13962
13978
13994
14010
14027
14043
14059
14075
14091
14108
14125
14141
14157
14174
14190
14207
14223
14239
14256
14272
14288
14305
14322
14339
14355
14373
14390
14407
14424
14440
14456
14472
14488
14505
14522
14539
14556
14572
14588
14604
14621
14638
14655
14672
14689
14706
14723
14739
14755
14771
14788
14805
14822
14838
14854
14871
14888
14904
14921
14938
14955
14972
14988
10022
10039
10056
10073
10090
10107
10123
10139
10155
10171
10188
10205
10222
10238
10255
10272
10289
10306
10323
10340
10357
10373
10390
10406
10422
10438
10454
10471
10487
10503
10520
10536
10552
10569
10585
10601
10618
10635
10652
10668
10685
10702
10718
10735
10752
10768
10784
10801
10817
10833
10850
10866
10883
10899
10915
10932
10949
10965
10982
10998
11014
11031
11047
11064
11081
11098
11114
11131
11147
11163
11179
11195
11212
11229
11246
11262
11279
11296
11313
11329
11346
11363
11380
11396
11412
11428
11444
11461
11477
11494
11511
11527
11543
11560
11577
11593
11610
11627
11644
11661
11677
11694
11710
11727
11744
11760
11777
11793
11809
11825
11841
11857
11873
11890
11907
11924
11940
11956
11972
11988
12004
12020
12036
12052
12069
12087
12103
12120
12137
12154
12170
12186
12202
12219
12236
12252
12269
12286
12303
12320
12337
12353
12369
12385
12402
12418
12435
12451
12468
12485
12502
12519
12535
12551
12568
12584
12600
12616
12633
12650
12666
12683
12699
12715
12731
12747
12764
12780
12796
12812
12828
12844
12861
12878
12895
12911
12927
12944
12961
12977
12994
13011
13028
13044
13060
13077
13094
13111
13127
13144
13160
13176
13192
13208
13224
13240
13257
13273
13289
13305
13322
13338
13354
13371
13388
13404
13421
13437
13454
13471
13487
13504
13520
13536
13552
13568
13584
13601
13618
13634
13651
13667
13684
13700
13717
13733
13750
13766
13782
13798
13814
13831
13847
13864
13881
13898
13914
13931
13947
13964
13981
13998
14015
14032
14048
14065
14081
14097
14114
14131
14147
14164
14181
14198
14214
14230
14246
14263
14280
14296
14312
14329
14346
14363
14380
14397
14413
14429
14445
14461
14478
14494
14510
14526
14542
14559
14576
14593
14610
14626
14643
14659
14676
14693
14709
14726
14742
14758
14774
14790
14806
14822
14839
14856
14873
14890
14907
14924
14940
14956
14973
14990
15007
10008
10024
10040
10056
10072
10088
10104
10120
10136
10153
10169
10185
10201
10217
10233
10249
10265
10281
10297
10314
10331
10348
10364
10381
10398
10414
10431
10447
10463
10480
10496
10512
10529
10546
10562
10578
10594
10611
10628
10645
10662
10679
10695
10711
10727
10744
10761
10778
10794
10810
10826
10843
10860
10877
10894
10910
10926
10942
10958
10974
10991
11008
11024
11040
11056
11072
11088
11104
11121
11138
11155
11172
11189
11206
11223
11240
11257
11273
11290
11307
11324
11341
11358
11374
11391
11407
11423
11439
11455
11472
11488
11505
11521
11537
11554
11571
11587
11603
11620
11637
11653
11669
11685
11702
11718
11734
11750
11766
11783
11800
11816
11832
11848
11864
11880
11897
11913
11930
11947
11964
11981
11998
12014
12030
12046
12063
12079
12095
12112
12129
12145
12161
12178
12195
12212
12228
12244
12260
12276
12292
12309
12326
12343
12360
12378
12394
12411
12428
12445
12462
12478
12495
12512
12529
12546
12562
12578
12594
12610
12626
12643
12660
12677
12694
12711
12728
12745
12762
12779
12796
12813
12830
12847
12863
12880
12897
12913
12929
12945
12962
12978
12994
13011
13027
13060
13087
13104
13121
13138
13154
13170
13186
13202
13218
13234
13250
13267
13284
13301
13317
13334
13350
13367
13384
13401
13418
13435
13452
13469
13486
13503
13520
13537
13554
13571
13588
13605
13622
13639
13656
13672
13689
13705
13721
13737
13753
13769
13786
13803
13819
13835
13851
13867
13884
13901
13918
13934
13951
13967
13983
14000
14016
14033
14049
14066
14083
14100
14117
14133
14149
14165
14181
14198
14214
14230
14247
14264
14281
14298
14315
14332
14348
14365
14382
14398
14414
14431
14447
14463
14479
14496
14513
14530
14547
14564
14580
14597
14614
14630
14647
14663
14679
14695
14711
14727
14744
14760
14776
14792
14808
14824
14840
14856
14872
14889
14906
14923
14939
14956
14973
14990
15006
10004
10020
10036
10052
10069
10085
10102
10118
10134
10151
10167
10183
10199
10215
10232
10248
10265
10282
10298
10315
10331
10348
10364
10380
10397
10413
10429
10446
10463
10480
10497
10513
10530
10547
10564
10581
10598
10615
10631
10647
10663
10680
10697
10714
10731
10748
10764
10780
10796
10812
10828
10845
10861
10878
10894
10910
10927
10944
10960
10977
10993
11010
11026
11042
11058
11075
11092
11108
11124
11141
11157
11173
11189
11206
11223
11239
11256
11272
11289
11306
11322
11339
11355
11371
11388
11404
11420
11437
11453
11470
11486
11503
11519
11536
11553
11570
11586
11602
11619
11635
11652
11669
11685
11702
11718
11734
11752
11769
11785
11802
11819
11835
11852
11868
11885
11902
11918
11934
11950
11966
11983
12000
12016
12033
12050
12067
12084
12100
12116
12133
12149
12166
12183
12199
12216
12233
12250
12267
12283
12299
12316
12333
12349
12366
12382
12399
12415
12432
12448
12464
12481
12499
12515
12532
12549
12565
12581
12598
12615
12632
12649
12666
12683
12700
12717
12734
12750
12767
12783
12799
12816
12832
12848
12865
12881
12898
12915
12932
12948
12965
12982
12998
13015
13031
13048
13064
13081
13098
13115
13131
13148
13165
13181
13198
13214
13230
13246
13263
13280
13297
13314
13331
13348
13365
13382
13398
13415
13432
13448
13465
13482
13499
13516
13533
13549
13565
13582
13599
13616
13633
13649
13665
13682
13699
13716
13733
13749
13765
13781
13798
13814
13830
13847
13864
13880
13896
13912
13929
13945
13961
13977
13993
14010
14026
14043
14059
14076
14093
14110
14126
14142
14159
14175
14192
14208
14224
14240
14257
14274
14291
14307
14323
14339
14356
14373
14390
14407
14424
14441
14458
14475
14492
14509
14526
14543
14560
14577
14593
14609
14625
14641
14657
14673
14689
14706
14722
14739
14756
14773
14789
14806
14823
14840
14857
14874
14890
14907
14923
14940
14957
14973
14990
