2023-04-23 18:43:22.590193
20037
20053
20069
20085
20101
20118
20135
20152
20169
20185
20201
20217
20234
20251
20268
20285
20301
20318
20335
20351
20367
20384
20400
20416
20432
20449
20465
20481
20497
20513
20530
20547
20564
20580
20597
20614
20631
20648
20665
20682
20699
20716
20732
20749
20765
20782
20798
20815
20831
20848
20865
20882
20899
20916
20933
20950
20967
20983
21000
21017
21033
21050
21066
21083
21099
21115
21132
21149
21165
21182
21199
21215
21231
21248
21265
21282
21299
21316
21333
21349
21366
21382
21398
21414
21432
21449
21465
21481
21497
21513
21530
21547
21564
21581
21598
21615
21631
21648
21665
21682
21699
21715
21732
21748
21764
21781
21797
21814
21830
21847
21863
21879
21896
21913
21931
21948
21965
21982
21998
22015
22032
22049
22065
22081
22098
22115
22131
22148
22165
22182
22198
22214
22230
22247
22264
22280
22296
22312
22329
22346
22362
22378
22394
22411
22428
22444
22460
22477
22494
22510
22526
22543
22559
22575
22592
22608
22625
22641
22658
22674
22691
22707
22724
22741
22758
22775
22792
22809
22826
22842
22859
22876
22893
22910
22927
22944
22960
22976
22993
23010
23027
23043
23060
23076
23092
23109
23125
23141
23157
23173
23190
23206
23222
23239
23256
23272
23289
23306
23323
23340
23357
23374
23391
23407
23423
23440
23456
23473
23490
23507
23524
23541
23558
23575
23592
23609
23626
23642
23658
23674
23691
23707
23723
23739
23755
23772
23789
23806
23822
23838
23854
23870
23887
23903
23920
23937
23953
23970
23987
24004
24020
24036
24053
24070
24087
24103
24120
24136
24153
24170
24186
24203
24219
24235
24251
24267
24284
24301
24317
24333
24350
24367
24384
24401
24418
24436
24453
24469
24486
24503
24519
24536
24552
24568
24585
24601
24618
24635
24652
24669
24685
24701
24717
24733
24750
24767
24783
24800
24817
24833
24850
24866
24882
24899
24915
24932
24949
24965
24981
24997
25014
25030
