2023-04-23 18:43:42.633352
40085
40102
40118
40134
40151
40167
40184
40201
40217
40234
40251
40268
40285
40302
40319
40336
40353
40370
40387
40404
40420
40437
40454
40470
40487
40504
40520
40536
40553
40570
40587
40604
40621
40638
40654
40671
40687
40704
40720
40737
40753
40769
40786
40803
40819
40836
40853
40870
40886
40903
40920
40937
40954
40971
40987
41004
41021
41038
41054
41070
41087
41104
41121
41138
41155
41172
41189
41205
41221
41237
41254
41271
41288
41305
41322
41338
41355
41371
41388
41404
41421
41437
41453
41470
41487
41503
41520
41537
41554
41571
41587
41603
41619
41636
41652
41668
41685
41702
41718
41735
41751
41768
41785
41802
41820
41836
41853
41870
41886
41903
41919
41936
41953
41970
41986
42003
42020
42037
42054
42070
42087
42104
42120
42137
42154
42170
42186
42202
42219
42235
42252
42268
42285
42302
42318
42334
42351
42368
42385
42402
42419
42435
42452
42469
42486
42503
42519
42536
42553
42570
42586
42602
42618
42635
42652
42668
42685
42702
42718
42734
42750
42767
42783
42799
42816
42832
42848
42865
42881
42897
42914
42931
42947
42963
42979
42995
43012
43029
43046
43063
43080
43097
43114
43130
43147
43163
43180
43196
43213
43229
43246
43263
43279
43295
43312
43328
43345
43362
43378
43395
43411
43428
43445
43461
43478
43494
43511
43527
43544
43561
43577
43594
43611
43628
43644
43661
43677
43694
43711
43728
43744
43761
43778
43795
43812
43829
43846
43862
43879
43896
43912
43928
43944
43961
43977
43993
44010
44027
44044
44060
44077
44093
44109
44125
44142
44158
44175
44191
44207
44224
44240
44256
44273
44290
44306
44323
44340
44356
44372
44388
44405
44422
44439
44456
44472
44489
44505
44521
44537
44553
44570
44587
44603
44619
44636
44652
44669
44685
44701
44718
44734
44751
44767
44783
44800
44816
44833
44850
44866
44883
44900
44917
44934
44951
44967
44984
45000
45017
45033
45049
45066
45083
