60260
60294
60327
60361
60395
60428
60461
60495
60528
60562
60595
60629
60663
60697
60730
60764
60798
60831
60865
60899
60932
60966
60999
61032
61066
61100
61134
61168
61202
61236
61270
61304
61337
61372
61406
61440
61473
61506
61539
61573
61606
61640
61673
61706
61740
61773
61806
61839
61872
61905
61938
61971
62005
62038
62072
62106
62140
62173
62206
62240
62274
62308
62342
62375
62409
62442
62476
62509
60358
60547
60716
60881
61032
61177
61336
61493
61666
61834
62021
62205
62400
62600
62799
62986
63181
63363
63552
63771
63999
64227
64435
64664
64882
65105
60110
60127
60144
60161
60178
60195
60211
60227
60243
60260
60276
60292
60308
60325
60342
60358
60374
60391
60407
60424
60440
60457
60473
60490
60506
60522
60538
60554
60571
60587
60603
60620
60636
60653
60669
60686
60702
60718
60735
60752
60769
60786
60802
60819
60835
60852
60868
60884
60900
60917
60933
60950
60967
60983
60999
61016
61033
61050
61066
61083
61099
61116
61133
61150
61166
61182
61198
61215
61231
61248
61265
61282
61298
61314
61330
61347
61364
61381
61398
61415
61432
61449
61465
61482
61498
61515
61531
61547
61563
61579
61596
61613
61630
61647
61664
61680
61696
61713
61730
61746
61762
61778
61794
61811
61828
61845
61862
61879
61896
61913
61929
61946
61962
61978
61995
62012
62029
62046
62063
62080
62096
62113
62130
62146
62162
62179
62195
62212
62228
62245
62262
62279
62295
62312
62328
62345
62361
62377
62393
62409
62426
62443
62460
62477
62494
62511
62527
62544
62560
62577
62593
62609
62625
62641
62658
62674
62691
62708
62725
62742
62759
62775
62792
62809
62826
62843
62859
62875
62891
62907
62924
62941
62958
62976
62993
63009
63025
63041
63058
63075
63092
63109
63125
63142
63159
63176
63192
63209
63225
63242
63259
63276
63292
63308
63325
63341
63357
63374
63390
63407
63424
63441
63457
63473
63489
63505
63522
63538
63555
63571
63588
63604
63621
63637
63654
63671
63688
63704
63721
63738
63754
63771
63787
63803
63819
63835
63851
63868
63885
63902
63919
63936
63952
63968
63985
64002
64018
64035
64051
64067
64084
64101
64118
64134
64150
64167
64184
64200
64217
64234
64250
64266
64282
64298
64314
64331
64347
64363
64379
64395
64411
64427
64444
64461
64477
64494
64511
64528
64544
64560
64576
64592
64609
64626
64643
64659
64675
64692
64708
64725
64741
64757
64774
64790
64807
64824
64841
64858
64875
64891
64908
64925
64942
64959
64975
64992
65009
65026
65043
65060
65077
65093
65109
60104
60121
60137
60154
60171
60188
60205
60221
60237
60254
60270
60286
60302
60319
60336
60353
60370
60387
60404
60420
60437
60453
60469
60485
60502
60518
60535
60551
60568
60585
60601
60618
60635
60651
60667
60684
60701
60717
60734
60751
60767
60783
60800
60817
60834
60851
60868
60885
60901
60917
60933
60950
60966
60983
61000
61017
61033
61050
61067
61083
61100
61116
61132
61148
61164
61180
61197
61214
61231
61248
61264
61280
61297
61313
61329
61346
61362
61378
61394
61410
61426
61442
61458
61476
61493
61509
61525
61541
61557
61573
61589
61606
61623
61640
61657
61674
61691
61708
61725
61741
61757
61774
61791
61807
61824
61840
61857
61874
61890
61907
61924
61941
61958
61974
61990
62007
62023
62039
62055
62071
62088
62104
62120
62136
62152
62169
62186
62203
62219
62236
62253
62269
62285
62301
62318
62335
62352
62369
62385
62401
62418
62435
62451
62468
62485
62501
62517
62533
62549
62566
62582
62598
62614
62630
62646
62662
62679
62696
62713
62729
62745
62762
62779
62795
62812
62829
62846
62863
62879
62895
62912
62930
62947
62963
62980
62996
63012
63029
63045
63062
63079
63096
63113
63129
63145
63162
63178
63194
63211
63227
63243
63260
63277
63293
63309
63325
63342
63358
63375
63391
63408
63424
63440
63456
63473
63490
63506
63523
63539
63556
63573
63590
63606
63622
63639
63656
63673
63689
63705
63721
63737
63754
63770
63787
63804
63820
63837
63853
63869
63886
63903
63920
63937
63953
63970
63987
64003
64019
64036
64053
64069
64086
64103
64119
64136
64153
64170
64186
64202
64219
64236
64252
64268
64285
64302
64319
64336
64352
64368
64385
64401
64418
64435
64452
64469
64486
64502
64519
64536
64552
64569
64585
64601
64618
64635
64651
64668
64684
64701
64717
64733
64750
64767
64783
64799
64816
64833
64850
64866
64883
64899
64915
64932
64948
64965
64982
64999
65016
65033
65050
65066
65083
65100
60051
60067
60083
60100
60116
60133
60150
60167
60183
60200
60217
60233
60250
60267
60283
60300
60317
60334
60350
60366
60383
60399
60416
60433
60449
60466
60483
60500
60517
60534
60550
60567
60583
60599
60615
60631
60648
60665
60682
60699
60715
60731
60747
60764
60780
60796
60813
60829
60845
60862
60879
60895
60911
60927
60943
60959
60976
60992
61008
61025
61041
61058
61074
61091
61107
61124
61141
61157
61173
61189
61206
61222
61239
61255
61272
61288
61304
61321
61337
61354
61371
61387
61404
61420
61436
61452
61469
61486
61503
61519
61536
61553
61569
61585
61603
61619
61636
61653
61669
61685
61701
61718
61734
61751
61767
61784
61800
61816
61833
61849
61866
61882
61898
61915
61931
61947
61963
61980
61997
62014
62031
62047
62064
62081
62097
62114
62131
62148
62164
62181
62198
62214
62230
62246
62262
62278
62294
62310
62326
62342
62359
62375
62392
62408
62424
62440
62457
62474
62491
62508
62525
62542
62559
62575
62591
62608
62625
62641
62657
62674
62691
62707
62723
62739
62755
62771
62787
62803
62819
62835
62852
62869
62886
62903
62920
62937
62954
62970
62987
63004
63021
63038
63055
63072
63089
63106
63123
63139
63155
63171
63189
63205
63221
63237
63253
63270
63286
63302
63319
63336
63352
63368
63384
63400
63416
63433
63450
63466
63482
63498
63514
63531
63547
63564
63580
63597
63614
63630
63647
63664
63681
63698
63715
63732
63748
63765
63782
63798
63815
63831
63847
63863
63879
63896
63913
63930
63946
63963
63979
63995
64011
64027
64043
64060
64077
64094
64111
64128
64144
64161
64177
64194
64210
64227
64243
64259
64276
64292
64309
64325
64342
64359
64376
64393
64410
64426
64443
64459
64475
64492
64509
64526
64543
64560
64577
64594
64610
64626
64643
64659
64676
64692
64709
64725
64742
64758
64775
64791
64807
64823
64839
64855
64871
64887
64903
64920
64936
64953
64969
64986
65003
65020
65036
