105161
105239
105255
105271
105287
105303
105319
105336
105353
105370
105386
105402
105418
105435
105452
105469
105486
105502
105520
105537
105554
105570
105586
105603
105620
105637
105653
105669
105685
105702
105718
105734
105751
105768
105785
105802
105818
105834
105851
105868
105885
105901
105918
105934
105951
105967
105984
106001
106017
106034
106051
106068
106085
106102
106119
106136
106153
106169
106186
106202
106219
106236
106252
106269
106286
106302
106318
106334
106350
106367
106383
106399
106415
106432
106448
106465
106482
106498
106515
106531
106548
106565
106584
106600
106617
106633
106649
106665
106681
106697
106714
106730
106746
106762
106778
106795
106812
106828
106845
106861
106877
106893
106909
106925
106941
106957
106974
106990
107006
107023
107039
107056
107073
107089
107105
107121
107137
107154
107171
107187
107204
107220
107237
107253
107270
107286
107302
107319
107335
107352
107368
107384
107401
107417
107434
107451
107468
107485
107502
107519
107536
107553
107569
107586
107602
107619
107635
107652
107669
107686
107702
107718
107734
107750
107767
107784
107801
107817
107834
107851
107868
107885
107902
107919
107936
107952
107968
107984
108001
108017
108033
108050
108067
108083
108100
108117
108133
108149
108166
108182
108199
108215
108232
108249
108265
108281
108298
108315
108331
108347
108363
108379
108396
108412
108428
108444
108461
108478
108494
108510
108526
108543
108559
108575
108592
108608
108624
108640
108657
108674
108691
108708
108724
108741
108758
108775
108791
108807
108824
108840
108856
108873
108889
108906
108922
108939
108955
108971
108988
109005
109021
109037
109053
109070
109086
109102
109119
109135
109151
109167
109183
109199
109215
109231
109247
109263
109280
109296
109313
109329
109346
109362
109378
109395
109412
109429
109446
109462
109479
109495
109511
109528
109544
109560
109577
109594
109611
109627
109643
109659
109676
109693
109709
109725
109741
109757
109773
109789
109806
109822
109838
109855
109872
109888
109905
109922
109939
109956
109972
109988
110004
110020
110037
110053
110070
110087
110104
110120
110137
110154
